timestamp_id,timestamp_val,timestamp_diff
0x40000000,1765,1765
0x40000001,1764,-1
0x40000002,1764,0
0x40000003,1764,0
0x40000007,7037,5273
0x40000011,6816,-221
0x4000001b,6596,-220
0x40000024,7941,1345
0x4000002e,7720,-221
0x40000038,7500,-220
0x40000042,7281,-219
0x4000004c,7060,-221
0x40000056,6840,-220
0x40000060,6620,-220
