timestamp_id,timestamp_val,timestamp_diff
0x40000000,1764,1764
0x40000001,1765,1
0x40000007,6636,4871
0x40000010,7981,1345
0x4000001a,7760,-221
0x40000024,7540,-220
0x4000002e,7321,-219
0x40000038,7100,-221
0x40000042,6880,-220
0x4000004c,6660,-220
0x40000055,8004,1344
0x4000005f,7784,-220
