timestamp_id,timestamp_val,timestamp_diff
0x20000000,197,197
0x20000001,197,0
0x20000002,1739,1542
0x20000003,1739,0
0x20000004,3281,1542
0x20000005,3281,0
0x20000006,4822,1541
0x20000007,4822,0
0x20000008,4822,0
0x20000009,6364,1542
0x2000000a,6364,0
0x2000000b,7907,1543
0x2000000c,7907,0
0x2000000d,9449,1542
0x2000000e,9449,0
0x2000000f,9449,0
0x20000010,10990,1541
0x20000011,10990,0
0x20000012,12532,1542
0x20000013,12532,0
0x20000014,14074,1542
0x20000015,14075,1
0x20000016,14075,0
0x20000017,15617,1542
0x20000018,15617,0
0x20000019,17159,1542
0x2000001a,17159,0
0x2000001b,18700,1541
0x2000001c,18700,0
0x2000001d,18700,0
0x2000001e,20242,1542
0x2000001f,20242,0
0x20000020,21785,1543
0x20000022,20247,-1538
0x20000023,21789,1542
0x20000025,20251,-1538
0x20000026,20250,-1
0x20000028,20254,4
0x20000029,20254,0
0x2000002a,21796,1542
0x2000002c,20258,-1538
0x2000002d,21800,1542
0x2000002f,20262,-1538
0x20000030,20263,1
0x20000032,20267,4
0x20000033,20267,0
0x20000034,21808,1541
0x20000036,20270,-1538
0x20000037,21812,1542
0x20000039,20274,-1538
0x2000003a,20274,0
0x2000003c,20278,4
0x2000003d,20278,0
0x2000003e,21821,1543
0x20000040,20283,-1538
0x20000041,21825,1542
0x20000043,20286,-1539
0x20000044,20286,0
0x20000046,20290,4
0x20000047,20290,0
0x20000048,21832,1542
0x2000004a,20294,-1538
0x2000004b,21836,1542
0x2000004d,20298,-1538
0x2000004e,20298,0
0x20000050,20303,5
0x20000051,20303,0
0x20000052,21844,1541
0x20000054,20306,-1538
0x20000055,21848,1542
0x20000057,20310,-1538
0x20000058,20310,0
0x2000005a,20314,4
0x2000005b,20314,0
0x2000005c,21856,1542
0x2000005e,20319,-1537
0x2000005f,21861,1542
0x20000061,20322,-1539
0x20000062,20322,0
0x20000064,20326,4
0x20000065,20326,0
0x20000066,21868,1542
0x20000068,20330,-1538
0x20000069,21872,1542
0x2000006b,20334,-1538
0x2000006c,20334,0
0x2000006e,20339,5
0x2000006f,20338,-1
0x20000070,21880,1542
0x20000072,20342,-1538
0x20000073,21884,1542
0x20000075,20346,-1538
0x20000076,20346,0
0x20000078,20350,4
0x20000079,20350,0
0x2000007a,21892,1542
0x2000007c,20354,-1538
0x2000007d,21896,1542
0x2000007f,20358,-1538
0x20000080,20358,0
0x20000082,20362,4
0x20000083,20362,0
0x20000084,21904,1542
0x20000086,20366,-1538
0x20000087,21908,1542
0x20000089,20370,-1538
0x2000008a,20370,0
0x2000008c,20374,4
0x2000008d,20374,0
0x2000008e,21916,1542
0x20000090,20378,-1538
0x20000091,21920,1542
0x20000093,20382,-1538
0x20000094,20382,0
0x20000096,20386,4
0x20000097,20386,0
0x20000098,21928,1542
0x2000009a,20389,-1539
0x2000009b,21932,1543
0x2000009d,20394,-1538
0x2000009e,20394,0
0x200000a0,20398,4
0x200000a1,20398,0
0x200000a2,21940,1542
0x200000a4,20402,-1538
0x200000a5,20402,0
0x200000a7,20406,4
0x200000a8,20405,-1
0x200000aa,20409,4
0x200000ab,20410,1
0x200000ac,21952,1542
0x200000ae,20414,-1538
0x200000af,20414,0
0x200000b1,20418,4
0x200000b2,20418,0
0x200000b3,21960,1542
0x200000b5,20422,-1538
0x200000b6,21963,1541
0x200000b8,20425,-1538
0x200000b9,20425,0
0x200000bb,20430,5
0x200000bc,20430,0
0x200000bd,21972,1542
0x200000bf,20434,-1538
0x200000c0,21976,1542
0x200000c2,20438,-1538
0x200000c3,20438,0
0x200000c5,20441,3
0x200000c6,20441,0
0x200000c7,21983,1542
0x200000c9,20445,-1538
0x200000ca,21988,1543
0x200000cc,20450,-1538
0x200000cd,20450,0
0x200000cf,20454,4
0x200000d0,20454,0
0x200000d1,21996,1542
0x200000d3,20457,-1539
0x200000d4,21999,1542
0x200000d6,20461,-1538
0x200000d7,20461,0
0x200000d9,20466,5
0x200000da,20466,0
0x200000db,22008,1542
0x200000dd,20470,-1538
0x200000de,22012,1542
0x200000e0,20474,-1538
0x200000e1,20474,0
0x200000e3,20477,3
0x200000e4,20477,0
0x200000e5,22019,1542
0x200000e7,20481,-1538
0x200000e8,22024,1543
0x200000ea,20486,-1538
0x200000eb,20486,0
0x200000ed,20490,4
0x200000ee,20490,0
0x200000ef,22031,1541
0x200000f1,20493,-1538
0x200000f2,22035,1542
0x200000f4,20497,-1538
0x200000f5,20497,0
0x200000f7,20501,4
0x200000f8,20502,1
0x200000f9,22044,1542
0x200000fb,20506,-1538
0x200000fc,22048,1542
0x200000fe,20509,-1539
0x200000ff,20509,0
0x20000101,20513,4
0x20000102,20513,0
0x20000103,22055,1542
0x20000105,20517,-1538
0x20000106,22060,1543
0x20000108,20522,-1538
0x20000109,20522,0
0x2000010b,20526,4
0x2000010c,20526,0
0x2000010d,22067,1541
0x2000010f,20529,-1538
0x20000110,22071,1542
0x20000112,20533,-1538
0x20000113,20533,0
0x20000115,20537,4
0x20000116,20538,1
0x20000117,22080,1542
0x20000119,20542,-1538
0x2000011a,22083,1541
0x2000011c,20545,-1538
0x2000011d,20545,0
0x2000011f,20549,4
0x20000120,20549,0
0x20000121,22091,1542
0x20000123,20553,-1538
0x20000124,22095,1542
0x20000126,20558,-1537
0x20000127,20558,0
0x20000129,20562,4
0x2000012a,20561,-1
0x2000012b,22103,1542
0x2000012d,20565,-1538
0x2000012e,22107,1542
0x20000130,20569,-1538
0x20000131,20569,0
0x20000133,20573,4
0x20000134,20573,0
0x20000135,22116,1543
0x20000137,20577,-1539
0x20000138,22119,1542
0x2000013a,20581,-1538
0x2000013b,20581,0
0x2000013d,20585,4
0x2000013e,20585,0
0x2000013f,22127,1542
0x20000141,20589,-1538
0x20000142,22131,1542
0x20000144,20593,-1538
0x20000145,20594,1
0x20000147,20597,3
0x20000148,20597,0
0x20000149,22139,1542
0x2000014b,20601,-1538
0x2000014c,22143,1542
0x2000014e,20605,-1538
0x2000014f,20605,0
0x20000151,20609,4
0x20000152,20609,0
0x20000153,22152,1543
0x20000155,20613,-1539
0x20000156,22155,1542
0x20000158,20617,-1538
0x20000159,20617,0
0x2000015b,20621,4
0x2000015c,20621,0
0x2000015d,22163,1542
0x2000015f,20625,-1538
0x20000160,20625,0
0x20000162,20629,4
0x20000163,20628,-1
0x20000165,20633,5
0x20000166,20633,0
0x20000167,22175,1542
0x20000169,20637,-1538
0x2000016a,20637,0
0x2000016c,20641,4
0x2000016d,20641,0
0x2000016e,22183,1542
0x20000170,20645,-1538
0x20000171,22186,1541
0x20000173,20649,-1537
0x20000174,20649,0
0x20000176,20653,4
0x20000177,20653,0
0x20000178,22195,1542
0x2000017a,20657,-1538
0x2000017b,22199,1542
0x2000017d,20661,-1538
0x2000017e,20661,0
0x20000180,20664,3
0x20000181,20664,0
0x20000182,22207,1543
0x20000184,20669,-1538
0x20000185,22211,1542
0x20000187,20673,-1538
0x20000188,20673,0
0x2000018a,20677,4
0x2000018b,20677,0
0x2000018c,22219,1542
0x2000018e,20680,-1539
0x2000018f,22222,1542
0x20000191,20684,-1538
0x20000192,20685,1
0x20000194,20689,4
0x20000195,20689,0
0x20000196,22231,1542
0x20000198,20693,-1538
0x20000199,22235,1542
0x2000019b,20697,-1538
0x2000019c,20697,0
0x2000019e,20700,3
0x2000019f,20700,0
0x200001a0,22243,1543
0x200001a2,20705,-1538
0x200001a3,22247,1542
0x200001a5,20709,-1538
0x200001a6,20709,0
0x200001a8,20713,4
0x200001a9,20713,0
0x200001aa,22255,1542
0x200001ac,20716,-1539
0x200001ad,22258,1542
0x200001af,20720,-1538
0x200001b0,20721,1
0x200001b2,20725,4
0x200001b3,20725,0
0x200001b4,22267,1542
0x200001b6,20729,-1538
0x200001b7,22271,1542
0x200001b9,20732,-1539
0x200001ba,20732,0
0x200001bc,20736,4
0x200001bd,20736,0
0x200001be,22278,1542
0x200001c0,20741,-1537
0x200001c1,22283,1542
0x200001c3,20745,-1538
0x200001c4,20745,0
0x200001c6,20749,4
0x200001c7,20749,0
0x200001c8,22290,1541
0x200001ca,20752,-1538
0x200001cb,22294,1542
0x200001cd,20756,-1538
0x200001ce,20756,0
0x200001d0,20761,5
0x200001d1,20761,0
0x200001d2,22303,1542
0x200001d4,20765,-1538
0x200001d5,22306,1541
0x200001d7,20768,-1538
0x200001d8,20768,0
0x200001da,20772,4
0x200001db,20772,0
0x200001dc,22314,1542
0x200001de,20776,-1538
0x200001df,22319,1543
0x200001e1,20781,-1538
0x200001e2,20781,0
0x200001e4,20784,3
0x200001e5,20784,0
0x200001e6,22326,1542
0x200001e8,20788,-1538
0x200001e9,22330,1542
0x200001eb,20792,-1538
0x200001ec,20792,0
0x200001ee,20797,5
0x200001ef,20797,0
0x200001f0,22339,1542
0x200001f2,20801,-1538
0x200001f3,22342,1541
0x200001f5,20804,-1538
0x200001f6,20804,0
0x200001f8,20808,4
0x200001f9,20808,0
0x200001fa,22350,1542
0x200001fc,20812,-1538
0x200001fd,22355,1543
0x200001ff,20817,-1538
0x20000200,20817,0
0x20000202,20820,3
0x20000203,20820,0
0x20000204,22362,1542
0x20000206,20824,-1538
0x20000207,22366,1542
0x20000209,20828,-1538
0x2000020a,20828,0
0x2000020c,20832,4
0x2000020d,20833,1
0x2000020e,22374,1541
0x20000210,20836,-1538
0x20000211,20836,0
0x20000213,20840,4
0x20000214,20840,0
0x20000216,20844,4
0x20000217,20844,0
0x20000218,22386,1542
0x2000021a,20848,-1538
0x2000021b,20848,0
0x2000021d,20853,5
0x2000021e,20853,0
0x2000021f,22394,1541
0x20000221,20856,-1538
0x20000222,22398,1542
0x20000224,20860,-1538
0x20000225,20860,0
0x20000227,20864,4
0x20000228,20864,0
0x20000229,22406,1542
0x2000022b,20869,-1537
0x2000022c,22410,1541
0x2000022e,20872,-1538
0x2000022f,20872,0
0x20000231,20876,4
0x20000232,20876,0
0x20000233,22418,1542
0x20000235,20880,-1538
0x20000236,22422,1542
0x20000238,20884,-1538
0x20000239,20884,0
0x2000023b,20888,4
0x2000023c,20888,0
0x2000023d,22430,1542
0x2000023f,20892,-1538
0x20000240,22434,1542
0x20000242,20896,-1538
0x20000243,20896,0
0x20000245,20900,4
0x20000246,20900,0
0x20000247,22442,1542
0x20000249,20903,-1539
0x2000024a,22446,1543
0x2000024c,20908,-1538
0x2000024d,20908,0
0x2000024f,20912,4
0x20000250,20912,0
0x20000251,22454,1542
0x20000253,20916,-1538
0x20000254,22458,1542
0x20000256,20920,-1538
0x20000257,20919,-1
0x20000259,20924,5
0x2000025a,20924,0
0x2000025b,22466,1542
0x2000025d,20928,-1538
0x2000025e,22470,1542
0x20000260,20932,-1538
0x20000261,20932,0
0x20000263,20936,4
0x20000264,20936,0
0x20000265,22477,1541
0x20000267,20939,-1538
0x20000268,22482,1543
0x2000026a,20944,-1538
0x2000026b,20944,0
0x2000026d,20948,4
0x2000026e,20948,0
0x2000026f,22490,1542
0x20000271,20952,-1538
0x20000272,22494,1542
0x20000274,20956,-1538
0x20000275,20955,-1
0x20000277,20959,4
0x20000278,20960,1
0x20000279,22502,1542
0x2000027b,20964,-1538
0x2000027c,22506,1542
0x2000027e,20968,-1538
0x2000027f,20968,0
0x20000281,20972,4
0x20000282,20971,-1
0x20000283,22513,1542
0x20000285,20975,-1538
0x20000286,22517,1542
0x20000288,20980,-1537
0x20000289,20980,0
0x2000028b,20984,4
0x2000028c,20984,0
0x2000028d,22526,1542
0x2000028f,20988,-1538
0x20000290,22529,1541
0x20000292,20991,-1538
0x20000293,20991,0
0x20000295,20995,4
0x20000296,20995,0
0x20000297,22538,1543
0x20000299,21000,-1538
0x2000029a,22542,1542
0x2000029c,21004,-1538
0x2000029d,21004,0
0x2000029f,21008,4
0x200002a0,21007,-1
0x200002a1,22549,1542
0x200002a3,21011,-1538
0x200002a4,22553,1542
0x200002a6,21016,-1537
0x200002a7,21016,0
0x200002a9,21020,4
0x200002aa,21020,0
0x200002ab,22562,1542
0x200002ad,21024,-1538
0x200002ae,22565,1541
0x200002b0,21027,-1538
0x200002b1,21027,0
0x200002b3,21031,4
0x200002b4,21031,0
0x200002b5,22574,1543
0x200002b7,21036,-1538
0x200002b8,22578,1542
0x200002ba,21040,-1538
0x200002bb,21040,0
0x200002bd,21043,3
0x200002be,21043,0
0x200002bf,22585,1542
0x200002c1,21047,-1538
0x200002c2,22589,1542
0x200002c4,21051,-1538
0x200002c5,21052,1
0x200002c7,21056,4
0x200002c8,21056,0
0x200002c9,22598,1542
0x200002cb,21059,-1539
0x200002cc,21059,0
0x200002ce,21063,4
0x200002cf,21063,0
0x200002d1,21067,4
0x200002d2,21067,0
0x200002d3,22610,1543
0x200002d5,21072,-1538
0x200002d6,21072,0
0x200002d8,21076,4
0x200002d9,21075,-1
0x200002da,22617,1542
0x200002dc,21079,-1538
0x200002dd,22621,1542
0x200002df,21083,-1538
0x200002e0,21083,0
0x200002e2,21087,4
0x200002e3,21087,0
0x200002e4,22630,1543
0x200002e6,21092,-1538
0x200002e7,22633,1541
0x200002e9,21095,-1538
0x200002ea,21095,0
0x200002ec,21099,4
0x200002ed,21099,0
0x200002ee,22641,1542
0x200002f0,21103,-1538
0x200002f1,22645,1542
0x200002f3,21108,-1537
0x200002f4,21108,0
0x200002f6,21111,3
0x200002f7,21111,0
0x200002f8,22653,1542
0x200002fa,21115,-1538
0x200002fb,22657,1542
0x200002fd,21119,-1538
0x200002fe,21119,0
0x20000300,21123,4
0x20000301,21123,0
0x20000302,22666,1543
0x20000304,21127,-1539
0x20000305,22669,1542
0x20000307,21131,-1538
0x20000308,21131,0
0x2000030a,21135,4
0x2000030b,21135,0
0x2000030c,22677,1542
0x2000030e,21139,-1538
0x2000030f,22681,1542
0x20000311,21143,-1538
0x20000312,21144,1
0x20000314,21147,3
0x20000315,21147,0
0x20000316,22689,1542
0x20000318,21151,-1538
0x20000319,22693,1542
0x2000031b,21155,-1538
0x2000031c,21155,0
0x2000031e,21159,4
0x2000031f,21159,0
0x20000320,22700,1541
0x20000322,21163,-1537
0x20000323,22705,1542
0x20000325,21167,-1538
0x20000326,21167,0
0x20000328,21171,4
0x20000329,21171,0
0x2000032a,22713,1542
0x2000032c,21175,-1538
0x2000032d,22717,1542
0x2000032f,21178,-1539
0x20000330,21179,1
0x20000332,21183,4
0x20000333,21183,0
0x20000334,22725,1542
0x20000336,21187,-1538
0x20000337,22729,1542
0x20000339,21191,-1538
0x2000033a,21191,0
0x2000033c,21195,4
0x2000033d,21195,0
0x2000033e,22736,1541
0x20000340,21199,-1537
0x20000341,22741,1542
0x20000343,21203,-1538
0x20000344,21203,0
0x20000346,21207,4
0x20000347,21207,0
0x20000348,22749,1542
0x2000034a,21211,-1538
0x2000034b,22752,1541
0x2000034d,21214,-1538
0x2000034e,21214,0
0x20000350,21219,5
0x20000351,21219,0
0x20000352,22761,1542
0x20000354,21223,-1538
0x20000355,22765,1542
0x20000357,21227,-1538
0x20000358,21227,0
0x2000035a,21230,3
0x2000035b,21230,0
0x2000035c,22772,1542
0x2000035e,21234,-1538
0x2000035f,22777,1543
0x20000361,21239,-1538
0x20000362,21239,0
0x20000364,21243,4
0x20000365,21243,0
0x20000366,22785,1542
0x20000368,21247,-1538
0x20000369,22788,1541
0x2000036b,21250,-1538
0x2000036c,21250,0
0x2000036e,21255,5
0x2000036f,21255,0
0x20000370,22797,1542
0x20000372,21259,-1538
0x20000373,22801,1542
0x20000375,21263,-1538
0x20000376,21263,0
0x20000378,21266,3
0x20000379,21266,0
0x2000037a,22808,1542
0x2000037c,21270,-1538
0x2000037d,22813,1543
0x2000037f,21275,-1538
0x20000380,21275,0
0x20000382,21279,4
0x20000383,21279,0
0x20000384,22821,1542
0x20000386,21282,-1539
0x20000387,21282,0
0x20000389,21286,4
0x2000038a,21286,0
0x2000038c,21290,4
0x2000038d,21291,1
0x2000038e,22833,1542
0x20000390,21295,-1538
0x20000391,21295,0
0x20000393,21299,4
0x20000394,21298,-1
0x20000395,22840,1542
0x20000397,21302,-1538
0x20000398,22844,1542
0x2000039a,21306,-1538
0x2000039b,21306,0
0x2000039d,21311,5
0x2000039e,21311,0
0x2000039f,22853,1542
0x200003a1,21315,-1538
0x200003a2,22856,1541
0x200003a4,21318,-1538
0x200003a5,21318,0
0x200003a7,21322,4
0x200003a8,21322,0
0x200003a9,22864,1542
0x200003ab,21326,-1538
0x200003ac,22869,1543
0x200003ae,21331,-1538
0x200003af,21331,0
0x200003b1,21334,3
0x200003b2,21334,0
0x200003b3,22876,1542
0x200003b5,21338,-1538
0x200003b6,22880,1542
0x200003b8,21342,-1538
0x200003b9,21342,0
0x200003bb,21347,5
0x200003bc,21347,0
0x200003bd,22889,1542
0x200003bf,21350,-1539
0x200003c0,22892,1542
0x200003c2,21354,-1538
0x200003c3,21354,0
0x200003c5,21358,4
0x200003c6,21358,0
0x200003c7,22900,1542
0x200003c9,21362,-1538
0x200003ca,22905,1543
0x200003cc,21367,-1538
0x200003cd,21367,0
0x200003cf,21370,3
0x200003d0,21370,0
0x200003d1,22912,1542
0x200003d3,21374,-1538
0x200003d4,22916,1542
0x200003d7,19840,-3076
0x200003d8,19840,0
0x200003da,19844,4
0x200003db,19845,1
