timestamp_id,timestamp_val,timestamp_diff
0x40000000,2240795918,2240795918
0x40000001,2240797482,1564
0x40000002,2240799046,1564
0x40000003,2240800610,1564
0x40000004,2240802174,1564
0x40000005,2240803738,1564
0x40000006,2240805302,1564
0x40000007,2240806865,1563
0x40000008,2240808430,1565
0x40000009,2240809994,1564
0x4000000a,2240811558,1564
0x4000000b,2240813122,1564
0x4000000c,2240814686,1564
0x4000000d,2240816250,1564
0x4000000e,2240817815,1565
0x4000000f,2240819378,1563
0x40000010,2240820942,1564
0x40000011,2240822506,1564
0x40000012,2240824070,1564
0x40000013,2240825634,1564
0x40000014,2240827198,1564
0x40000015,2240828762,1564
0x40000016,2240830325,1563
0x40000017,2240831890,1565
0x40000018,2240833454,1564
0x40000019,2240835018,1564
0x4000001a,2240836582,1564
0x4000001b,2240838146,1564
0x4000001c,2240839710,1564
0x4000001d,2240841274,1564
0x4000001e,2240842838,1564
0x4000001f,2240844402,1564
0x40000020,2240845966,1564
0x40000021,2240847530,1564
0x40000022,2240849094,1564
0x40000023,2240850658,1564
0x40000024,2240852222,1564
0x40000025,2240853785,1563
0x40000026,2240855350,1565
0x40000027,2240856914,1564
0x40000028,2240858478,1564
0x40000029,2240860042,1564
0x4000002a,2240861606,1564
0x4000002b,2240863171,1565
0x4000002c,2240864734,1563
0x4000002d,2240866298,1564
0x4000002e,2240867862,1564
0x4000002f,2240869426,1564
0x40000030,2240870990,1564
0x40000031,2240872554,1564
0x40000032,2240874118,1564
0x40000033,2240875682,1564
0x40000034,2240877246,1564
0x40000035,2240878809,1563
0x40000036,2240880374,1565
0x40000037,2240881938,1564
0x40000038,2240883502,1564
0x40000039,2240885067,1565
0x4000003a,2240886630,1563
0x4000003b,2240888194,1564
0x4000003c,2240889758,1564
0x4000003d,2240891322,1564
0x4000003e,2240892886,1564
0x4000003f,2240894450,1564
0x40000040,2240896014,1564
0x40000041,2240897578,1564
0x40000042,2240899142,1564
0x40000043,2240900706,1564
0x40000044,2240902269,1563
0x40000045,2240903834,1565
0x4000004a,2240916658,12824
0x40000054,2240932078,15420
0x4000005d,2240947498,15420
0x40000067,2240962918,15420
0x40000071,2240978338,15420
0x4000007b,2240993758,15420
0x40000085,2241009178,15420
0x4000008f,2241024598,15420
0x40000099,2241040018,15420
0x400000a2,2241055438,15420
0x400000ac,2241070858,15420
0x400000b6,2241086278,15420
0x400000c0,2241101698,15420
0x400000ca,2241117118,15420
0x400000d4,2241132537,15419
0x400000de,2241147958,15421
0x400000e7,2241163377,15419
0x400000f1,2241178797,15420
0x400000fb,2241194218,15421
0x40000105,2241209637,15419
0x4000010f,2241225057,15420
0x40000119,2241240478,15421
0x40000123,2241255897,15419
0x4000012c,2241271317,15420
0x40000136,2241286738,15421
0x40000140,2241302157,15419
0x4000014a,2241317577,15420
0x40000154,2241332998,15421
0x4000015e,2241348417,15419
0x40000168,2241363837,15420
