timestamp_id,timestamp_val,timestamp_diff
0x00000000,1683250555,1683250555
0x20000000,1683250748,193
0x20000001,1683250941,193
0x20000002,1683251326,385
0x20000003,1683251711,385
0x20000004,1683252097,386
0x20000006,1683252482,385
0x00000002,1683252675,193
0x20000008,1683252868,193
0x2000000a,1683253253,385
0x2000000c,1683253639,386
0x2000000e,1683254024,385
0x20000010,1683254410,386
0x00000004,1683254603,193
0x20000012,1683254796,193
0x20000014,1683255181,385
0x20000016,1683255566,385
0x20000018,1683255952,386
0x2000001a,1683256337,385
0x00000006,1683256530,193
0x2000001c,1683256723,193
0x2000001e,1683257108,385
0x20000020,1683257494,386
0x20000022,1683257879,385
0x20000024,1683258265,386
0x00000008,1683258458,193
0x20000026,1683258651,193
0x20000028,1683259036,385
0x2000002a,1683259421,385
0x2000002c,1683259807,386
0x2000002e,1683260192,385
0x0000000a,1683260400,208
0x20000030,1683260593,193
0x20000032,1683260963,370
0x20000034,1683261349,386
0x20000036,1683261734,385
0x20000038,1683262120,386
0x0000000c,1683262369,249
0x2000003a,1683262562,193
0x2000003c,1683262891,329
0x2000003e,1683263276,385
0x20000040,1683263662,386
0x20000042,1683264047,385
0x0000000e,1683264338,291
0x20000044,1683264531,193
0x20000046,1683264818,287
0x20000048,1683265204,386
0x2000004a,1683265589,385
0x2000004c,1683265975,386
0x00000010,1683266307,332
0x2000004e,1683266500,193
0x20000050,1683266746,246
0x20000052,1683267131,385
0x20000054,1683267517,386
0x20000056,1683267902,385
0x00000012,1683268276,374
0x20000058,1683268469,193
0x2000005a,1683268673,204
0x2000005c,1683269059,386
0x2000005e,1683269444,385
0x20000060,1683269830,386
0x20000062,1683270215,385
0x00000014,1683270408,193
0x20000064,1683270601,193
0x20000066,1683270986,385
0x20000068,1683271372,386
0x2000006a,1683271757,385
0x2000006c,1683272143,386
0x00000016,1683272336,193
0x2000006e,1683272529,193
0x20000070,1683272914,385
0x20000072,1683273299,385
0x20000074,1683273685,386
0x20000076,1683274070,385
0x00000018,1683274263,193
0x20000078,1683274456,193
0x2000007a,1683274841,385
0x2000007c,1683275227,386
0x2000007e,1683275612,385
0x20000080,1683275998,386
0x0000001a,1683276191,193
0x20000082,1683276384,193
0x20000084,1683276769,385
0x20000086,1683277154,385
0x20000088,1683277540,386
0x2000008a,1683277925,385
0x0000001c,1683278121,196
0x2000008c,1683278314,193
0x2000008e,1683278696,382
0x20000090,1683279082,386
0x20000092,1683279467,385
0x20000094,1683279853,386
0x0000001e,1683280090,237
0x20000096,1683280283,193
0x20000098,1683280624,341
0x2000009a,1683281009,385
0x2000009c,1683281395,386
0x2000009e,1683281780,385
0x00000020,1683282059,279
0x200000a0,1683282252,193
0x200000a2,1683282551,299
0x200000a4,1683282937,386
0x200000a6,1683283322,385
0x200000a8,1683283708,386
0x00000022,1683284028,320
0x200000aa,1683284221,193
0x200000ac,1683284479,258
0x200000ae,1683284864,385
0x200000b0,1683285250,386
0x200000b2,1683285635,385
0x00000024,1683285997,362
0x200000b4,1683286190,193
0x200000b6,1683286406,216
0x200000b8,1683286792,386
0x200000ba,1683287177,385
0x200000bc,1683287563,386
0x200000be,1683287948,385
0x00000026,1683288141,193
0x200000c0,1683288334,193
0x200000c2,1683288719,385
0x200000c4,1683289105,386
0x200000c6,1683289490,385
0x200000c8,1683289876,386
0x00000028,1683290069,193
0x200000ca,1683290262,193
0x200000cc,1683290647,385
0x200000ce,1683291032,385
0x200000d0,1683291418,386
0x200000d2,1683291803,385
0x0000002a,1683291996,193
0x200000d4,1683292189,193
0x200000d6,1683292574,385
0x200000d8,1683292960,386
0x200000da,1683293345,385
0x200000dc,1683293731,386
0x0000002c,1683293924,193
0x200000de,1683294117,193
0x200000e0,1683294502,385
0x200000e2,1683294887,385
0x200000e4,1683295273,386
0x200000e6,1683295658,385
0x0000002e,1683295851,193
0x200000e8,1683296044,193
0x200000ea,1683296429,385
0x200000ec,1683296815,386
0x200000ee,1683297200,385
0x200000f0,1683297586,386
0x00000030,1683297811,225
0x200000f2,1683298004,193
0x200000f4,1683298357,353
0x200000f6,1683298742,385
0x200000f8,1683299128,386
0x200000fa,1683299513,385
0x00000032,1683299780,267
0x200000fc,1683299973,193
0x200000fe,1683300284,311
0x20000100,1683300670,386
0x20000102,1683301055,385
0x20000104,1683301441,386
0x00000034,1683301749,308
0x20000106,1683301942,193
0x20000108,1683302212,270
0x2000010a,1683302597,385
0x2000010c,1683302983,386
0x2000010e,1683303368,385
0x00000036,1683303718,350
0x20000110,1683303911,193
0x20000112,1683304139,228
0x20000114,1683304525,386
0x20000116,1683304910,385
0x20000118,1683305296,386
0x2000011a,1683305681,385
0x00000038,1683305874,193
0x2000011c,1683306067,193
0x2000011e,1683306452,385
0x20000120,1683306838,386
0x20000122,1683307223,385
0x20000124,1683307609,386
0x0000003a,1683307802,193
0x20000126,1683307995,193
0x20000128,1683308380,385
0x2000012a,1683308765,385
0x2000012c,1683309151,386
0x2000012e,1683309536,385
0x0000003c,1683309729,193
0x20000130,1683309922,193
0x20000132,1683310307,385
0x20000134,1683310693,386
0x20000136,1683311078,385
0x20000138,1683311464,386
0x0000003e,1683311657,193
0x2000013a,1683311850,193
0x2000013c,1683312235,385
0x2000013e,1683312620,385
0x20000140,1683313006,386
0x20000142,1683313391,385
0x00000040,1683313584,193
0x20000144,1683313777,193
0x20000146,1683314162,385
0x20000148,1683314548,386
0x2000014a,1683314933,385
0x2000014c,1683315319,386
0x00000042,1683315532,213
0x2000014e,1683315725,193
0x20000150,1683316090,365
0x20000152,1683316475,385
0x20000154,1683316861,386
0x20000156,1683317246,385
0x00000044,1683317501,255
0x20000158,1683317694,193
0x2000015a,1683318017,323
0x2000015c,1683318403,386
0x2000015e,1683318788,385
0x20000160,1683319174,386
0x00000046,1683319470,296
0x20000162,1683319663,193
0x20000164,1683319945,282
0x20000166,1683320330,385
0x20000168,1683320716,386
0x2000016a,1683321101,385
0x00000048,1683321439,338
0x2000016c,1683321632,193
0x2000016e,1683321872,240
0x20000170,1683322258,386
0x20000172,1683322643,385
0x20000174,1683323029,386
0x0000004a,1683323408,379
0x20000176,1683323601,193
0x20000178,1683323799,198
0x2000017a,1683324184,385
0x2000017c,1683324570,386
0x2000017e,1683324955,385
0x20000180,1683325341,386
0x0000004c,1683325534,193
0x20000182,1683325727,193
0x20000184,1683326112,385
0x20000186,1683326497,385
0x20000188,1683326883,386
0x2000018a,1683327268,385
0x0000004e,1683327461,193
0x2000018c,1683327654,193
0x2000018e,1683328039,385
0x20000190,1683328425,386
0x20000192,1683328810,385
0x20000194,1683329196,386
0x00000050,1683329389,193
0x20000196,1683329582,193
0x20000198,1683329967,385
0x2000019a,1683330352,385
0x2000019c,1683330738,386
0x2000019e,1683331123,385
0x00000052,1683331316,193
0x200001a0,1683331509,193
0x200001a2,1683331894,385
0x200001a4,1683332280,386
0x200001a6,1683332665,385
0x200001a8,1683333051,386
0x00000054,1683333252,201
0x200001aa,1683333445,193
0x200001ac,1683333822,377
0x200001ae,1683334207,385
0x200001b0,1683334593,386
0x200001b2,1683334978,385
0x00000056,1683335221,243
0x200001b4,1683335414,193
0x200001b6,1683335749,335
0x200001b8,1683336135,386
0x200001ba,1683336520,385
0x200001bc,1683336906,386
0x00000058,1683337190,284
0x200001be,1683337383,193
0x200001c0,1683337677,294
0x200001c2,1683338062,385
0x200001c4,1683338448,386
0x200001c6,1683338833,385
0x0000005a,1683339160,327
0x200001c8,1683339353,193
0x200001ca,1683339604,251
0x200001cc,1683339990,386
0x200001ce,1683340375,385
0x200001d0,1683340761,386
0x0000005c,1683341129,368
0x200001d2,1683341322,193
0x200001d4,1683341532,210
0x200001d6,1683341917,385
0x200001d8,1683342303,386
0x200001da,1683342688,385
0x200001dc,1683343074,386
0x0000005e,1683343267,193
0x200001de,1683343460,193
0x200001e0,1683343845,385
0x200001e2,1683344230,385
0x200001e4,1683344616,386
0x200001e6,1683345001,385
0x00000060,1683345194,193
0x200001e8,1683345387,193
0x200001ea,1683345772,385
0x200001ec,1683346158,386
0x200001ee,1683346543,385
0x200001f0,1683346929,386
0x00000062,1683347122,193
0x200001f2,1683347315,193
0x200001f4,1683347700,385
0x200001f6,1683348085,385
0x200001f8,1683348471,386
0x200001fa,1683348856,385
0x00000064,1683349049,193
0x200001fc,1683349242,193
0x200001fe,1683349627,385
0x20000200,1683350013,386
0x20000202,1683350398,385
0x20000204,1683350784,386
0x00000066,1683350977,193
0x20000206,1683351170,193
0x20000208,1683351555,385
0x2000020a,1683351940,385
0x2000020c,1683352326,386
0x2000020e,1683352711,385
0x00000068,1683352943,232
0x20000210,1683353136,193
0x20000212,1683353482,346
0x20000214,1683353868,386
0x20000216,1683354253,385
0x20000218,1683354639,386
0x0000006a,1683354912,273
0x2000021a,1683355105,193
0x2000021c,1683355410,305
0x2000021e,1683355795,385
0x20000220,1683356181,386
0x20000222,1683356566,385
0x0000006c,1683356881,315
0x20000224,1683357074,193
0x20000226,1683357337,263
0x20000228,1683357723,386
0x2000022a,1683358108,385
0x2000022c,1683358494,386
0x0000006e,1683358850,356
0x2000022e,1683359043,193
0x20000230,1683359265,222
0x20000232,1683359650,385
0x20000234,1683360036,386
0x20000236,1683360421,385
0x20000238,1683360807,386
0x00000070,1683361000,193
0x2000023a,1683361193,193
0x2000023c,1683361578,385
0x2000023e,1683361963,385
0x20000240,1683362349,386
0x20000242,1683362734,385
0x00000072,1683362927,193
0x20000244,1683363120,193
0x20000246,1683363505,385
0x20000248,1683363891,386
0x2000024a,1683364276,385
0x2000024c,1683364662,386
0x00000074,1683364855,193
0x2000024e,1683365048,193
0x20000250,1683365433,385
0x20000252,1683365818,385
0x20000254,1683366204,386
0x20000256,1683366589,385
0x00000076,1683366782,193
0x20000258,1683366975,193
0x2000025a,1683367360,385
0x2000025c,1683367746,386
0x2000025e,1683368131,385
0x20000260,1683368517,386
0x00000078,1683368710,193
0x20000262,1683368903,193
0x20000264,1683369288,385
0x20000266,1683369673,385
0x20000268,1683370059,386
0x2000026a,1683370444,385
0x0000007a,1683370664,220
0x2000026c,1683370857,193
0x2000026e,1683371215,358
0x20000270,1683371601,386
0x20000272,1683371986,385
0x20000274,1683372372,386
0x0000007c,1683372633,261
0x20000276,1683372826,193
0x20000278,1683373143,317
0x2000027a,1683373528,385
0x2000027c,1683373914,386
0x2000027e,1683374299,385
0x0000007e,1683374602,303
0x20000280,1683374795,193
0x20000282,1683375070,275
0x20000284,1683375456,386
0x20000286,1683375841,385
0x20000288,1683376227,386
0x00000080,1683376571,344
0x2000028a,1683376764,193
0x2000028c,1683376998,234
0x2000028e,1683377383,385
0x20000290,1683377769,386
0x20000292,1683378154,385
0x00000082,1683378540,386
0x20000294,1683378733,193
0x20000296,1683378926,193
0x20000298,1683379311,385
0x2000029a,1683379696,385
0x2000029c,1683380082,386
0x2000029e,1683380467,385
0x00000084,1683380660,193
0x200002a0,1683380853,193
0x200002a2,1683381238,385
0x200002a4,1683381624,386
0x200002a6,1683382009,385
0x200002a8,1683382395,386
0x00000086,1683382588,193
0x200002aa,1683382781,193
0x200002ac,1683383166,385
0x200002ae,1683383551,385
0x200002b0,1683383937,386
0x200002b2,1683384322,385
0x00000088,1683384515,193
0x200002b4,1683384708,193
0x200002b6,1683385093,385
0x200002b8,1683385479,386
0x200002ba,1683385864,385
0x200002bc,1683386250,386
0x0000008a,1683386443,193
0x200002be,1683386636,193
0x200002c0,1683387021,385
0x200002c2,1683387406,385
0x200002c4,1683387792,386
0x200002c6,1683388177,385
0x0000008c,1683388385,208
0x200002c8,1683388578,193
0x200002ca,1683388948,370
0x200002cc,1683389334,386
0x200002ce,1683389719,385
0x200002d0,1683390105,386
0x0000008e,1683390354,249
0x200002d2,1683390547,193
0x200002d4,1683390876,329
0x200002d6,1683391261,385
0x200002d7,1683391647,386
0x200002d9,1683392032,385
0x00000090,1683392323,291
0x200002db,1683392516,193
0x200002dd,1683392803,287
0x200002df,1683393189,386
0x200002e1,1683393574,385
0x200002e3,1683393960,386
0x00000092,1683394292,332
0x200002e5,1683394485,193
0x200002e7,1683394731,246
0x200002e9,1683395116,385
0x200002eb,1683395502,386
0x200002ed,1683395887,385
0x00000094,1683396261,374
0x200002ef,1683396454,193
0x200002f1,1683396658,204
0x200002f3,1683397044,386
0x200002f5,1683397429,385
0x200002f7,1683397815,386
0x200002f9,1683398200,385
0x00000096,1683398393,193
0x200002fb,1683398586,193
0x200002fd,1683398971,385
0x200002ff,1683399357,386
0x20000301,1683399742,385
0x20000303,1683400128,386
0x00000098,1683400321,193
0x20000305,1683400514,193
0x20000307,1683400899,385
0x20000309,1683401284,385
0x2000030b,1683401670,386
0x2000030d,1683402055,385
0x0000009a,1683402248,193
0x2000030f,1683402441,193
0x20000311,1683402826,385
0x20000313,1683403212,386
0x20000315,1683403597,385
0x20000317,1683403983,386
0x0000009c,1683404176,193
0x20000319,1683404369,193
0x2000031b,1683404754,385
0x2000031d,1683405139,385
0x2000031f,1683405525,386
0x20000321,1683405910,385
0x0000009e,1683406106,196
0x20000323,1683406299,193
0x20000325,1683406681,382
0x20000327,1683407067,386
0x20000329,1683407452,385
0x2000032b,1683407838,386
0x000000a0,1683408075,237
0x2000032d,1683408268,193
0x2000032f,1683408609,341
0x20000331,1683408994,385
0x20000333,1683409380,386
0x20000335,1683409765,385
0x000000a2,1683410044,279
0x20000337,1683410237,193
0x20000339,1683410536,299
0x2000033b,1683410922,386
0x2000033d,1683411307,385
0x2000033f,1683411693,386
0x000000a4,1683412013,320
0x20000341,1683412206,193
0x20000343,1683412464,258
0x20000345,1683412849,385
0x20000347,1683413235,386
0x20000349,1683413620,385
0x000000a6,1683413982,362
0x2000034b,1683414175,193
0x2000034d,1683414391,216
0x2000034f,1683414777,386
0x20000351,1683415162,385
0x20000353,1683415548,386
0x20000355,1683415933,385
0x000000a8,1683416126,193
0x20000357,1683416319,193
0x20000359,1683416704,385
0x2000035b,1683417090,386
0x2000035d,1683417475,385
0x2000035f,1683417861,386
0x000000aa,1683418054,193
0x20000361,1683418247,193
0x20000363,1683418632,385
0x20000365,1683419017,385
0x20000367,1683419403,386
0x20000369,1683419788,385
0x000000ac,1683419981,193
0x2000036b,1683420174,193
0x2000036d,1683420559,385
0x2000036f,1683420945,386
0x20000371,1683421330,385
0x20000373,1683421716,386
0x000000ae,1683421909,193
0x20000375,1683422102,193
0x20000377,1683422487,385
0x20000379,1683422872,385
0x2000037b,1683423258,386
0x2000037d,1683423643,385
0x000000b0,1683423836,193
0x2000037f,1683424029,193
0x20000381,1683424414,385
0x20000383,1683424800,386
0x20000385,1683425185,385
0x20000387,1683425571,386
0x000000b2,1683425796,225
0x20000389,1683425989,193
0x2000038b,1683426342,353
0x2000038d,1683426727,385
0x2000038f,1683427113,386
0x20000391,1683427498,385
0x000000b4,1683427765,267
0x20000393,1683427958,193
0x20000395,1683428269,311
0x20000397,1683428655,386
0x20000399,1683429040,385
0x2000039b,1683429426,386
0x000000b6,1683429734,308
0x2000039d,1683429927,193
0x2000039f,1683430197,270
0x200003a1,1683430582,385
0x200003a3,1683430968,386
0x200003a5,1683431353,385
0x000000b8,1683431703,350
0x200003a7,1683431896,193
0x200003a9,1683432124,228
0x200003ab,1683432510,386
0x200003ad,1683432895,385
0x200003af,1683433281,386
0x200003b1,1683433666,385
0x000000ba,1683433859,193
0x200003b3,1683434052,193
0x200003b5,1683434437,385
0x200003b7,1683434823,386
0x200003b9,1683435208,385
0x200003bb,1683435594,386
0x000000bc,1683435787,193
0x200003bd,1683435980,193
0x200003bf,1683436365,385
0x200003c1,1683436750,385
0x200003c3,1683437136,386
0x200003c5,1683437521,385
0x000000be,1683437714,193
0x200003c7,1683437907,193
0x200003c9,1683438292,385
0x200003cb,1683438678,386
0x200003cd,1683439063,385
0x200003cf,1683439449,386
0x000000c0,1683439642,193
0x200003d1,1683439835,193
0x200003d3,1683440220,385
0x200003d5,1683440605,385
0x200003d7,1683440991,386
0x200003d9,1683441376,385
0x000000c2,1683441569,193
0x200003db,1683441762,193
0x200003dd,1683442147,385
0x200003df,1683442533,386
0x200003e1,1683442918,385
0x200003e3,1683443304,386
0x000000c4,1683443517,213
0x200003e5,1683443710,193
0x200003e7,1683444075,365
0x200003e9,1683444460,385
0x200003eb,1683444846,386
0x200003ed,1683445231,385
0x000000c6,1683445486,255
0x200003ef,1683445679,193
0x200003f1,1683446002,323
0x200003f3,1683446388,386
0x200003f5,1683446773,385
0x200003f7,1683447159,386
0x000000c8,1683447455,296
0x200003f9,1683447648,193
0x200003fb,1683447930,282
0x200003fd,1683448315,385
0x200003ff,1683448701,386
0x20000401,1683449086,385
0x000000ca,1683449424,338
0x20000403,1683449617,193
0x20000405,1683449857,240
0x20000407,1683450243,386
0x20000409,1683450628,385
0x2000040b,1683451014,386
0x000000cc,1683451393,379
0x2000040d,1683451586,193
0x2000040f,1683451785,199
0x20000411,1683452170,385
0x20000413,1683452556,386
0x20000415,1683452941,385
0x20000417,1683453327,386
0x000000ce,1683453520,193
0x20000419,1683453713,193
0x2000041b,1683454098,385
0x2000041d,1683454483,385
0x2000041f,1683454869,386
0x20000421,1683455254,385
0x000000d0,1683455447,193
0x20000423,1683455640,193
0x20000425,1683456025,385
0x20000427,1683456411,386
0x20000429,1683456796,385
0x2000042b,1683457182,386
0x000000d2,1683457375,193
0x2000042d,1683457568,193
0x2000042f,1683457953,385
0x20000431,1683458338,385
0x20000433,1683458724,386
0x20000435,1683459109,385
0x000000d4,1683459302,193
0x20000437,1683459495,193
0x20000439,1683459880,385
0x2000043b,1683460266,386
0x2000043d,1683460651,385
0x2000043f,1683461037,386
0x000000d6,1683461238,201
0x20000441,1683461431,193
0x20000443,1683461808,377
0x20000445,1683462193,385
0x20000447,1683462579,386
0x20000449,1683462964,385
0x000000d8,1683463207,243
0x2000044b,1683463400,193
0x2000044d,1683463735,335
0x2000044f,1683464121,386
0x20000451,1683464506,385
0x20000453,1683464892,386
0x000000da,1683465176,284
0x20000455,1683465369,193
0x20000457,1683465663,294
0x20000459,1683466048,385
0x2000045b,1683466434,386
0x2000045d,1683466819,385
0x000000dc,1683467145,326
0x2000045f,1683467338,193
0x20000461,1683467590,252
0x20000463,1683467976,386
0x20000465,1683468361,385
0x20000467,1683468747,386
0x000000de,1683469114,367
0x20000469,1683469307,193
0x2000046b,1683469518,211
0x2000046d,1683469903,385
0x2000046f,1683470289,386
0x20000471,1683470674,385
0x20000473,1683471060,386
0x000000e0,1683471253,193
0x20000475,1683471446,193
0x20000477,1683471831,385
0x20000479,1683472216,385
0x2000047b,1683472602,386
0x2000047d,1683472987,385
0x000000e2,1683473180,193
0x2000047f,1683473373,193
0x20000481,1683473758,385
0x20000483,1683474144,386
0x20000485,1683474529,385
0x20000487,1683474915,386
0x000000e4,1683475108,193
0x20000489,1683475301,193
0x2000048b,1683475686,385
0x2000048d,1683476071,385
0x2000048f,1683476457,386
0x20000491,1683476842,385
0x000000e6,1683477035,193
0x20000493,1683477228,193
0x20000495,1683477613,385
0x20000497,1683477999,386
0x20000499,1683478384,385
0x2000049b,1683478770,386
0x000000e8,1683478963,193
0x2000049d,1683479156,193
0x2000049f,1683479541,385
0x200004a1,1683479926,385
0x200004a3,1683480312,386
0x200004a5,1683480697,385
0x000000ea,1683480928,231
0x200004a7,1683481121,193
0x200004a9,1683481468,347
0x200004ab,1683481854,386
0x200004ad,1683482239,385
0x200004af,1683482625,386
0x000000ec,1683482897,272
0x200004b1,1683483090,193
0x200004b3,1683483396,306
0x200004b5,1683483781,385
0x200004b7,1683484167,386
0x200004b9,1683484552,385
0x000000ee,1683484866,314
0x200004bb,1683485059,193
0x200004bd,1683485323,264
0x200004bf,1683485709,386
0x200004c1,1683486094,385
0x200004c3,1683486480,386
0x000000f0,1683486835,355
0x200004c5,1683487028,193
0x200004c7,1683487251,223
0x200004c9,1683487636,385
0x200004cb,1683488022,386
0x200004cd,1683488407,385
0x200004cf,1683488793,386
0x000000f2,1683488986,193
0x200004d1,1683489179,193
0x200004d3,1683489564,385
0x200004d5,1683489949,385
0x200004d7,1683490335,386
0x200004d9,1683490720,385
0x000000f4,1683490913,193
0x200004db,1683491106,193
0x200004dd,1683491491,385
0x200004df,1683491877,386
0x200004e1,1683492262,385
0x200004e3,1683492648,386
0x000000f6,1683492841,193
0x200004e5,1683493034,193
0x200004e7,1683493419,385
0x200004e9,1683493804,385
0x200004eb,1683494190,386
0x200004ed,1683494575,385
0x000000f8,1683494768,193
0x200004ef,1683494961,193
0x200004f1,1683495346,385
0x200004f3,1683495732,386
0x200004f5,1683496117,385
0x200004f7,1683496503,386
0x000000fa,1683496696,193
0x200004f9,1683496889,193
0x200004fb,1683497274,385
0x200004fd,1683497659,385
0x200004ff,1683498045,386
0x20000501,1683498430,385
0x000000fc,1683498649,219
0x20000503,1683498842,193
0x20000505,1683499201,359
0x20000507,1683499587,386
0x20000509,1683499972,385
0x2000050b,1683500358,386
0x000000fe,1683500618,260
0x2000050d,1683500811,193
0x2000050f,1683501129,318
0x20000511,1683501514,385
0x20000513,1683501900,386
0x20000515,1683502285,385
0x00000100,1683502587,302
0x20000517,1683502780,193
0x20000519,1683503056,276
0x2000051b,1683503442,386
0x2000051d,1683503827,385
0x2000051f,1683504213,386
0x00000102,1683504556,343
0x20000521,1683504749,193
0x20000523,1683504984,235
0x20000525,1683505369,385
0x20000527,1683505755,386
0x20000529,1683506140,385
0x00000104,1683506525,385
0x2000052b,1683506718,193
0x2000052d,1683506911,193
0x2000052f,1683507297,386
0x20000531,1683507682,385
0x20000533,1683508068,386
0x20000535,1683508453,385
0x00000106,1683508646,193
0x20000537,1683508839,193
0x20000539,1683509224,385
0x2000053b,1683509610,386
0x2000053d,1683509995,385
0x2000053f,1683510381,386
0x00000108,1683510574,193
0x20000541,1683510767,193
0x20000543,1683511152,385
0x20000545,1683511537,385
0x20000547,1683511923,386
0x20000549,1683512308,385
0x0000010a,1683512501,193
0x2000054b,1683512694,193
0x2000054d,1683513079,385
0x2000054f,1683513465,386
0x20000551,1683513850,385
0x20000553,1683514236,386
0x0000010c,1683514429,193
0x20000555,1683514622,193
0x20000557,1683515007,385
0x20000559,1683515392,385
0x2000055b,1683515778,386
0x2000055d,1683516163,385
0x0000010e,1683516370,207
0x2000055f,1683516563,193
0x20000561,1683516934,371
0x20000563,1683517320,386
0x20000565,1683517705,385
0x20000567,1683518091,386
0x00000110,1683518339,248
0x20000569,1683518532,193
0x2000056b,1683518862,330
0x2000056d,1683519247,385
0x2000056f,1683519633,386
0x20000571,1683520018,385
0x00000112,1683520308,290
0x20000573,1683520501,193
0x20000575,1683520789,288
0x20000577,1683521175,386
0x20000579,1683521560,385
0x2000057b,1683521946,386
0x00000114,1683522277,331
0x2000057d,1683522470,193
0x2000057f,1683522717,247
0x20000581,1683523102,385
0x20000583,1683523488,386
0x20000585,1683523873,385
0x00000116,1683524246,373
0x20000587,1683524439,193
0x20000589,1683524644,205
0x2000058b,1683525030,386
0x2000058d,1683525415,385
0x2000058f,1683525801,386
0x20000591,1683526186,385
0x00000118,1683526379,193
0x20000593,1683526572,193
0x20000595,1683526957,385
0x20000597,1683527343,386
0x20000599,1683527728,385
0x2000059b,1683528114,386
0x0000011a,1683528307,193
0x2000059d,1683528500,193
0x2000059f,1683528885,385
0x200005a1,1683529270,385
0x200005a3,1683529656,386
0x200005a5,1683530041,385
0x0000011c,1683530234,193
0x200005a7,1683530427,193
0x200005a9,1683530812,385
0x200005ab,1683531198,386
0x200005ad,1683531583,385
0x200005af,1683531969,386
0x0000011e,1683532162,193
0x200005b1,1683532355,193
0x200005b3,1683532740,385
0x200005b5,1683533125,385
0x200005b7,1683533511,386
0x200005b9,1683533896,385
0x00000120,1683534091,195
0x200005bb,1683534284,193
0x200005bd,1683534667,383
0x200005bf,1683535053,386
0x200005c1,1683535438,385
0x200005c3,1683535824,386
0x00000122,1683536060,236
0x200005c5,1683536253,193
0x200005c7,1683536595,342
0x200005c9,1683536980,385
0x200005cb,1683537366,386
0x200005cd,1683537751,385
0x00000124,1683538029,278
0x200005cf,1683538222,193
0x200005d1,1683538522,300
0x200005d3,1683538908,386
0x200005d5,1683539293,385
0x200005d7,1683539679,386
0x00000126,1683539998,319
0x200005d9,1683540191,193
0x200005da,1683540450,259
0x200005dc,1683540835,385
0x200005de,1683541221,386
0x200005e0,1683541606,385
0x00000128,1683541967,361
0x200005e2,1683542160,193
0x200005e4,1683542377,217
0x200005e6,1683542763,386
0x200005e8,1683543148,385
0x200005ea,1683543534,386
0x200005ec,1683543919,385
0x0000012a,1683544112,193
0x200005ee,1683544305,193
0x200005f0,1683544690,385
0x200005f2,1683545076,386
0x200005f4,1683545461,385
0x200005f6,1683545847,386
0x0000012c,1683546040,193
0x200005f8,1683546233,193
0x200005fa,1683546618,385
0x200005fc,1683547003,385
0x200005fe,1683547389,386
0x20000600,1683547774,385
0x0000012e,1683547967,193
0x20000602,1683548160,193
0x20000604,1683548545,385
0x20000606,1683548931,386
0x20000608,1683549316,385
0x2000060a,1683549702,386
0x00000130,1683549895,193
0x2000060c,1683550088,193
0x2000060e,1683550473,385
0x20000610,1683550858,385
0x20000612,1683551244,386
0x20000614,1683551629,385
0x00000132,1683551822,193
0x20000616,1683552015,193
0x20000618,1683552400,385
0x2000061a,1683552786,386
0x2000061c,1683553171,385
0x2000061e,1683553557,386
0x00000134,1683553781,224
0x20000620,1683553974,193
0x20000622,1683554328,354
0x20000624,1683554712,384
0x20000626,1683555099,387
0x20000628,1683555483,384
0x00000136,1683555749,266
0x2000062a,1683555942,193
0x2000062c,1683556254,312
0x2000062e,1683556640,386
0x20000630,1683557025,385
0x20000632,1683557411,386
0x00000138,1683557718,307
0x20000634,1683557911,193
0x20000636,1683558182,271
0x20000638,1683558567,385
0x2000063a,1683558953,386
0x2000063c,1683559338,385
0x0000013a,1683559687,349
0x2000063e,1683559880,193
0x20000640,1683560109,229
0x20000642,1683560495,386
0x20000644,1683560880,385
0x20000646,1683561266,386
0x20000648,1683561651,385
0x0000013c,1683561844,193
0x2000064a,1683562037,193
0x2000064c,1683562422,385
0x2000064e,1683562808,386
0x20000650,1683563193,385
0x20000652,1683563579,386
0x0000013e,1683563772,193
0x20000654,1683563965,193
0x20000656,1683564350,385
0x20000658,1683564735,385
0x2000065a,1683565121,386
0x2000065c,1683565506,385
0x00000140,1683565699,193
0x2000065e,1683565892,193
0x20000660,1683566277,385
0x20000662,1683566663,386
0x20000664,1683567048,385
0x20000666,1683567434,386
0x00000142,1683567627,193
0x20000668,1683567820,193
0x2000066a,1683568205,385
0x2000066c,1683568590,385
0x2000066e,1683568976,386
0x20000670,1683569361,385
0x00000144,1683569554,193
0x20000672,1683569747,193
0x20000674,1683570132,385
0x20000676,1683570518,386
0x20000678,1683570903,385
0x2000067a,1683571289,386
0x00000146,1683571502,213
0x2000067c,1683571695,193
0x2000067e,1683572060,365
0x20000680,1683572445,385
0x20000682,1683572831,386
0x20000684,1683573216,385
0x00000148,1683573471,255
0x20000686,1683573664,193
0x20000688,1683573987,323
0x2000068a,1683574373,386
0x2000068c,1683574758,385
0x2000068e,1683575144,386
0x0000014a,1683575440,296
0x20000690,1683575633,193
0x20000692,1683575915,282
0x20000694,1683576300,385
0x20000696,1683576686,386
0x20000698,1683577071,385
0x0000014c,1683577409,338
0x2000069a,1683577602,193
0x2000069c,1683577842,240
0x2000069e,1683578228,386
0x200006a0,1683578613,385
0x200006a2,1683578999,386
0x0000014e,1683579378,379
0x200006a4,1683579571,193
0x200006a6,1683579770,199
0x200006a8,1683580155,385
0x200006aa,1683580541,386
0x200006ac,1683580926,385
0x200006ae,1683581312,386
0x00000150,1683581505,193
0x200006b0,1683581698,193
0x200006b2,1683582083,385
0x200006b4,1683582468,385
0x200006b6,1683582854,386
0x200006b8,1683583239,385
0x00000152,1683583432,193
0x200006ba,1683583625,193
0x200006bc,1683584010,385
0x200006be,1683584396,386
0x200006c0,1683584781,385
0x200006c2,1683585167,386
0x00000154,1683585360,193
0x200006c4,1683585553,193
0x200006c6,1683585938,385
0x200006c8,1683586323,385
0x200006ca,1683586709,386
0x200006cc,1683587094,385
0x00000156,1683587287,193
0x200006ce,1683587480,193
0x200006d0,1683587865,385
0x200006d2,1683588251,386
0x200006d4,1683588636,385
0x200006d6,1683589022,386
0x00000158,1683589223,201
0x200006d8,1683589416,193
0x200006da,1683589793,377
0x200006dc,1683590178,385
0x200006de,1683590564,386
0x200006e0,1683590949,385
0x0000015a,1683591192,243
0x200006e2,1683591385,193
0x200006e4,1683591720,335
0x200006e6,1683592106,386
0x200006e8,1683592491,385
0x200006ea,1683592877,386
0x0000015c,1683593161,284
0x200006ec,1683593354,193
0x200006ee,1683593648,294
0x200006f0,1683594033,385
0x200006f2,1683594419,386
0x200006f4,1683594804,385
0x0000015e,1683595130,326
0x200006f6,1683595323,193
0x200006f8,1683595575,252
0x200006fa,1683595961,386
0x200006fc,1683596346,385
0x200006fe,1683596732,386
0x00000160,1683597099,367
0x20000700,1683597292,193
0x20000702,1683597503,211
0x20000704,1683597888,385
0x20000706,1683598274,386
0x20000708,1683598659,385
0x2000070a,1683599045,386
0x00000162,1683599238,193
0x2000070c,1683599431,193
0x2000070e,1683599816,385
0x20000710,1683600201,385
0x20000712,1683600587,386
0x20000714,1683600972,385
0x00000164,1683601165,193
0x20000716,1683601358,193
0x20000718,1683601743,385
0x2000071a,1683602129,386
0x2000071c,1683602514,385
0x2000071e,1683602900,386
0x00000166,1683603093,193
0x20000720,1683603286,193
0x20000722,1683603671,385
0x20000724,1683604056,385
0x20000726,1683604442,386
0x20000728,1683604827,385
0x00000168,1683605020,193
0x2000072a,1683605213,193
0x2000072c,1683605598,385
0x2000072e,1683605984,386
0x20000730,1683606369,385
0x20000732,1683606755,386
0x0000016a,1683606948,193
0x20000734,1683607141,193
0x20000736,1683607526,385
0x20000738,1683607911,385
0x2000073a,1683608297,386
0x2000073c,1683608682,385
0x0000016c,1683608913,231
0x2000073e,1683609106,193
0x20000740,1683609453,347
0x20000742,1683609839,386
0x20000744,1683610224,385
0x20000746,1683610610,386
0x0000016e,1683610882,272
0x20000748,1683611075,193
0x2000074a,1683611381,306
0x2000074c,1683611766,385
0x2000074e,1683612152,386
0x20000750,1683612537,385
0x00000170,1683612851,314
0x20000752,1683613044,193
0x20000754,1683613308,264
0x20000756,1683613694,386
0x20000758,1683614079,385
0x2000075a,1683614465,386
0x00000172,1683614820,355
0x2000075c,1683615013,193
0x2000075e,1683615236,223
0x20000760,1683615621,385
0x20000762,1683616007,386
0x20000764,1683616392,385
0x20000766,1683616778,386
0x00000174,1683616971,193
0x20000768,1683617164,193
0x2000076a,1683617549,385
0x2000076c,1683617934,385
0x2000076e,1683618320,386
0x20000770,1683618705,385
0x00000176,1683618898,193
0x20000772,1683619091,193
0x20000774,1683619476,385
0x20000776,1683619862,386
0x20000778,1683620247,385
0x2000077a,1683620633,386
0x00000178,1683620826,193
0x2000077c,1683621019,193
0x2000077e,1683621404,385
0x20000780,1683621789,385
0x20000782,1683622175,386
0x20000784,1683622560,385
0x0000017a,1683622753,193
0x20000786,1683622946,193
0x20000788,1683623331,385
0x2000078a,1683623717,386
0x2000078c,1683624102,385
0x2000078e,1683624488,386
0x0000017c,1683624681,193
0x20000790,1683624874,193
0x20000792,1683625259,385
0x20000794,1683625644,385
0x20000796,1683626030,386
0x20000798,1683626415,385
0x0000017e,1683626634,219
0x2000079a,1683626827,193
0x2000079c,1683627186,359
0x2000079e,1683627572,386
0x200007a0,1683627957,385
0x200007a2,1683628343,386
0x00000180,1683628603,260
0x200007a4,1683628796,193
0x200007a6,1683629114,318
0x200007a8,1683629499,385
0x200007aa,1683629885,386
0x200007ac,1683630270,385
0x00000182,1683630572,302
0x200007ae,1683630765,193
0x200007b0,1683631041,276
0x200007b2,1683631427,386
0x200007b4,1683631812,385
0x200007b6,1683632198,386
0x00000184,1683632541,343
0x200007b8,1683632734,193
0x200007ba,1683632969,235
0x200007bc,1683633354,385
0x200007be,1683633740,386
0x200007c0,1683634125,385
0x00000186,1683634510,385
0x200007c2,1683634703,193
0x200007c4,1683634896,193
0x200007c6,1683635282,386
0x200007c8,1683635667,385
0x200007ca,1683636053,386
0x200007cc,1683636438,385
0x00000188,1683636631,193
0x200007ce,1683636824,193
0x200007d0,1683637209,385
0x200007d2,1683637595,386
0x200007d4,1683637980,385
0x200007d6,1683638366,386
0x0000018a,1683638559,193
0x200007d8,1683638752,193
0x200007da,1683639137,385
0x200007dc,1683639522,385
0x200007de,1683639908,386
0x200007e0,1683640293,385
0x0000018c,1683640486,193
0x200007e2,1683640679,193
0x200007e4,1683641064,385
0x200007e6,1683641450,386
0x200007e8,1683641835,385
0x200007ea,1683642221,386
0x0000018e,1683642414,193
0x200007ec,1683642607,193
0x200007ee,1683642992,385
0x200007f0,1683643377,385
0x200007f2,1683643763,386
0x200007f4,1683644148,385
0x00000190,1683644355,207
0x200007f6,1683644548,193
0x200007f8,1683644919,371
0x200007fa,1683645305,386
0x200007fc,1683645690,385
0x200007fe,1683646076,386
0x00000192,1683646324,248
0x20000800,1683646517,193
0x20000802,1683646847,330
0x20000804,1683647232,385
0x20000806,1683647618,386
0x20000808,1683648003,385
0x00000194,1683648293,290
0x2000080a,1683648486,193
0x2000080c,1683648774,288
0x2000080e,1683649160,386
0x20000810,1683649545,385
0x20000812,1683649931,386
0x00000196,1683650262,331
0x20000814,1683650455,193
0x20000816,1683650702,247
0x20000818,1683651087,385
0x2000081a,1683651473,386
0x2000081c,1683651858,385
0x00000198,1683652231,373
0x2000081e,1683652424,193
0x20000820,1683652629,205
0x20000822,1683653015,386
0x20000824,1683653400,385
0x20000826,1683653786,386
0x20000828,1683654171,385
0x0000019a,1683654364,193
0x2000082a,1683654557,193
0x2000082c,1683654942,385
0x2000082e,1683655328,386
0x20000830,1683655713,385
0x20000832,1683656099,386
0x0000019c,1683656292,193
0x20000834,1683656485,193
0x20000836,1683656870,385
0x20000838,1683657255,385
0x2000083a,1683657641,386
0x2000083c,1683658026,385
0x0000019e,1683658219,193
0x2000083e,1683658412,193
0x20000840,1683658797,385
0x20000842,1683659183,386
0x20000844,1683659568,385
0x20000846,1683659954,386
0x000001a0,1683660147,193
0x20000848,1683660340,193
0x2000084a,1683660725,385
0x2000084c,1683661110,385
0x2000084e,1683661496,386
0x20000850,1683661881,385
0x000001a2,1683662076,195
0x20000852,1683662269,193
0x20000854,1683662652,383
0x20000856,1683663038,386
0x20000858,1683663423,385
0x2000085a,1683663809,386
0x000001a4,1683664045,236
0x2000085c,1683664238,193
0x2000085e,1683664580,342
0x20000860,1683664965,385
0x20000862,1683665351,386
0x20000864,1683665736,385
0x000001a6,1683666014,278
0x20000866,1683666207,193
0x20000868,1683666507,300
0x2000086a,1683666893,386
0x2000086c,1683667278,385
0x2000086e,1683667664,386
0x000001a8,1683667983,319
0x20000870,1683668176,193
0x20000872,1683668435,259
0x20000874,1683668820,385
0x20000876,1683669206,386
0x20000878,1683669591,385
0x000001aa,1683669952,361
0x2000087a,1683670145,193
0x2000087c,1683670362,217
0x2000087e,1683670748,386
0x20000880,1683671133,385
0x20000882,1683671519,386
0x20000884,1683671904,385
0x000001ac,1683672097,193
0x20000886,1683672290,193
0x20000888,1683672675,385
0x2000088a,1683673061,386
0x2000088c,1683673446,385
0x2000088e,1683673832,386
0x000001ae,1683674025,193
0x20000890,1683674218,193
0x20000892,1683674603,385
0x20000894,1683674988,385
0x20000896,1683675374,386
0x20000898,1683675759,385
0x000001b0,1683675952,193
0x2000089a,1683676145,193
0x2000089c,1683676530,385
0x2000089e,1683676916,386
0x200008a0,1683677301,385
0x200008a2,1683677687,386
0x000001b2,1683677880,193
0x200008a4,1683678073,193
0x200008a6,1683678458,385
0x200008a8,1683678843,385
0x200008aa,1683679229,386
0x200008ac,1683679614,385
0x000001b4,1683679807,193
0x200008ae,1683680000,193
0x200008b0,1683680385,385
0x200008b2,1683680771,386
0x200008b4,1683681156,385
0x200008b6,1683681542,386
0x000001b6,1683681766,224
0x200008b8,1683681959,193
0x200008ba,1683682313,354
0x200008bc,1683682698,385
0x200008be,1683683084,386
0x200008c0,1683683469,385
0x000001b8,1683683735,266
0x200008c2,1683683928,193
0x200008c4,1683684240,312
0x200008c6,1683684626,386
0x200008c8,1683685011,385
0x200008ca,1683685397,386
0x000001ba,1683685704,307
0x200008cc,1683685897,193
0x200008ce,1683686168,271
0x200008d0,1683686553,385
0x200008d2,1683686939,386
0x200008d4,1683687324,385
0x000001bc,1683687673,349
0x200008d6,1683687866,193
0x200008d8,1683688095,229
0x200008d9,1683688481,386
0x200008db,1683688866,385
0x200008dd,1683689252,386
0x200008df,1683689637,385
0x000001be,1683689830,193
0x200008e1,1683690023,193
0x200008e3,1683690408,385
0x200008e5,1683690794,386
0x200008e7,1683691179,385
0x200008e9,1683691565,386
0x000001c0,1683691758,193
0x200008eb,1683691951,193
0x200008ed,1683692336,385
0x200008ef,1683692721,385
0x200008f1,1683693107,386
0x200008f3,1683693492,385
0x000001c2,1683693685,193
0x200008f5,1683693878,193
0x200008f7,1683694263,385
0x200008f9,1683694649,386
0x200008fb,1683695034,385
0x200008fd,1683695420,386
0x000001c4,1683695613,193
0x200008ff,1683695806,193
0x20000901,1683696191,385
0x20000903,1683696576,385
0x20000905,1683696962,386
0x20000907,1683697347,385
0x000001c6,1683697540,193
0x20000909,1683697733,193
0x2000090b,1683698118,385
0x2000090d,1683698504,386
0x2000090f,1683698889,385
0x20000911,1683699275,386
0x000001c8,1683699487,212
0x20000913,1683699680,193
0x20000915,1683700046,366
0x20000917,1683700431,385
0x20000919,1683700817,386
0x2000091b,1683701202,385
0x000001ca,1683701456,254
0x2000091d,1683701649,193
0x2000091f,1683701973,324
0x20000921,1683702359,386
0x20000923,1683702744,385
0x20000925,1683703130,386
0x000001cc,1683703425,295
0x20000927,1683703618,193
0x20000929,1683703901,283
0x2000092b,1683704286,385
0x2000092d,1683704672,386
0x2000092f,1683705057,385
0x000001ce,1683705394,337
0x20000931,1683705587,193
0x20000933,1683705828,241
0x20000935,1683706214,386
0x20000937,1683706599,385
0x20000939,1683706985,386
0x000001d0,1683707363,378
0x2000093b,1683707556,193
0x2000093d,1683707756,200
0x2000093f,1683708141,385
0x20000941,1683708527,386
0x20000943,1683708912,385
0x20000945,1683709298,386
0x000001d2,1683709491,193
0x20000947,1683709684,193
0x20000949,1683710069,385
0x2000094b,1683710454,385
0x2000094d,1683710840,386
0x2000094f,1683711225,385
0x000001d4,1683711418,193
0x20000951,1683711611,193
0x20000953,1683711996,385
0x20000955,1683712382,386
0x20000957,1683712767,385
0x20000959,1683713153,386
0x000001d6,1683713346,193
0x2000095b,1683713539,193
0x2000095d,1683713924,385
0x2000095f,1683714309,385
0x20000961,1683714695,386
0x20000963,1683715080,385
0x000001d8,1683715273,193
0x20000965,1683715466,193
0x20000967,1683715851,385
0x20000969,1683716237,386
0x2000096b,1683716622,385
0x2000096d,1683717008,386
0x000001da,1683717208,200
0x2000096f,1683717401,193
0x20000971,1683717779,378
0x20000973,1683718164,385
0x20000975,1683718550,386
0x20000977,1683718935,385
0x000001dc,1683719177,242
0x20000979,1683719370,193
0x2000097b,1683719706,336
0x2000097d,1683720092,386
0x2000097f,1683720477,385
0x20000981,1683720863,386
0x000001de,1683721146,283
0x20000983,1683721339,193
0x20000985,1683721634,295
0x20000987,1683722019,385
0x20000989,1683722405,386
0x2000098b,1683722790,385
0x000001e0,1683723115,325
0x2000098d,1683723308,193
0x2000098f,1683723561,253
0x20000991,1683723947,386
0x20000993,1683724332,385
0x20000995,1683724718,386
0x000001e2,1683725084,366
0x20000997,1683725277,193
0x20000999,1683725489,212
0x2000099b,1683725874,385
0x2000099d,1683726260,386
0x2000099f,1683726645,385
0x200009a1,1683727031,386
0x000001e4,1683727224,193
0x200009a3,1683727417,193
0x200009a5,1683727802,385
0x200009a7,1683728187,385
0x200009a9,1683728573,386
0x200009ab,1683728958,385
0x000001e6,1683729151,193
0x200009ad,1683729344,193
0x200009af,1683729729,385
0x200009b1,1683730115,386
0x200009b3,1683730500,385
0x200009b5,1683730886,386
0x000001e8,1683731079,193
0x200009b7,1683731272,193
0x200009b9,1683731657,385
0x200009bb,1683732042,385
0x200009bd,1683732428,386
0x200009bf,1683732813,385
0x000001ea,1683733006,193
0x200009c1,1683733199,193
0x200009c3,1683733584,385
0x200009c5,1683733970,386
0x200009c7,1683734355,385
0x200009c9,1683734741,386
0x000001ec,1683734934,193
0x200009cb,1683735127,193
0x200009cd,1683735512,385
0x200009cf,1683735897,385
0x200009d1,1683736283,386
0x200009d3,1683736668,385
0x000001ee,1683736898,230
0x200009d5,1683737091,193
0x200009d7,1683737439,348
0x200009d9,1683737825,386
0x200009db,1683738210,385
0x200009dd,1683738596,386
0x000001f0,1683738867,271
0x200009df,1683739060,193
0x200009e1,1683739367,307
0x200009e3,1683739752,385
0x200009e5,1683740138,386
0x200009e7,1683740523,385
0x000001f2,1683740836,313
0x200009e9,1683741029,193
0x200009eb,1683741294,265
0x200009ed,1683741680,386
0x200009ef,1683742065,385
0x200009f1,1683742451,386
0x000001f4,1683742805,354
0x200009f3,1683742998,193
0x200009f5,1683743222,224
0x200009f7,1683743607,385
0x200009f9,1683743993,386
0x200009fb,1683744378,385
0x200009fd,1683744764,386
0x000001f6,1683744957,193
0x200009ff,1683745150,193
0x20000a01,1683745535,385
0x20000a03,1683745920,385
0x20000a05,1683746306,386
0x20000a07,1683746691,385
0x000001f8,1683746884,193
0x20000a09,1683747077,193
0x20000a0b,1683747462,385
0x20000a0d,1683747848,386
0x20000a0f,1683748233,385
0x20000a11,1683748619,386
0x000001fa,1683748812,193
0x20000a13,1683749005,193
0x20000a15,1683749390,385
0x20000a17,1683749775,385
0x20000a19,1683750161,386
0x20000a1b,1683750546,385
0x000001fc,1683750739,193
0x20000a1d,1683750932,193
0x20000a1f,1683751317,385
0x20000a21,1683751703,386
0x20000a23,1683752088,385
0x20000a25,1683752474,386
0x000001fe,1683752667,193
0x20000a27,1683752860,193
0x20000a29,1683753245,385
0x20000a2b,1683753630,385
0x20000a2d,1683754016,386
0x20000a2f,1683754401,385
0x00000200,1683754619,218
0x20000a31,1683754812,193
0x20000a33,1683755172,360
0x20000a35,1683755558,386
0x20000a37,1683755943,385
0x20000a39,1683756329,386
0x00000202,1683756588,259
0x20000a3b,1683756781,193
0x20000a3d,1683757100,319
0x20000a3f,1683757485,385
0x20000a41,1683757871,386
0x20000a43,1683758256,385
0x00000204,1683758557,301
0x20000a45,1683758750,193
0x20000a47,1683759027,277
0x20000a49,1683759413,386
0x20000a4b,1683759798,385
0x20000a4d,1683760184,386
0x00000206,1683760526,342
0x20000a4f,1683760719,193
0x20000a51,1683760955,236
0x20000a53,1683761340,385
0x20000a55,1683761726,386
0x20000a57,1683762111,385
0x00000208,1683762495,384
0x20000a59,1683762688,193
0x20000a5b,1683762882,194
0x20000a5d,1683763268,386
0x20000a5f,1683763653,385
0x20000a61,1683764039,386
0x20000a63,1683764424,385
0x0000020a,1683764617,193
0x20000a65,1683764810,193
0x20000a67,1683765195,385
0x20000a69,1683765581,386
0x20000a6b,1683765966,385
0x20000a6d,1683766352,386
0x0000020c,1683766545,193
0x20000a6f,1683766738,193
0x20000a71,1683767123,385
0x20000a73,1683767508,385
0x20000a75,1683767894,386
0x20000a77,1683768279,385
0x0000020e,1683768472,193
0x20000a79,1683768665,193
0x20000a7b,1683769050,385
0x20000a7d,1683769436,386
0x20000a7f,1683769821,385
0x20000a81,1683770207,386
0x00000210,1683770400,193
0x20000a83,1683770593,193
0x20000a85,1683770978,385
0x20000a87,1683771363,385
0x20000a89,1683771749,386
0x20000a8b,1683772134,385
0x00000212,1683772340,206
0x20000a8d,1683772533,193
0x20000a8f,1683772905,372
0x20000a91,1683773291,386
0x20000a93,1683773676,385
0x20000a95,1683774062,386
0x00000214,1683774309,247
0x20000a97,1683774502,193
0x20000a99,1683774833,331
0x20000a9b,1683775218,385
0x20000a9d,1683775604,386
0x20000a9f,1683775989,385
0x00000216,1683776278,289
0x20000aa1,1683776471,193
0x20000aa3,1683776760,289
0x20000aa5,1683777146,386
0x20000aa7,1683777531,385
0x20000aa9,1683777917,386
0x00000218,1683778247,330
0x20000aab,1683778440,193
0x20000aad,1683778688,248
0x20000aaf,1683779073,385
0x20000ab1,1683779459,386
0x20000ab3,1683779844,385
0x0000021a,1683780216,372
0x20000ab5,1683780409,193
0x20000ab7,1683780615,206
0x20000ab9,1683781001,386
0x20000abb,1683781386,385
0x20000abd,1683781772,386
0x20000abf,1683782157,385
0x0000021c,1683782350,193
0x20000ac1,1683782543,193
0x20000ac3,1683782928,385
0x20000ac5,1683783314,386
0x20000ac7,1683783699,385
0x20000ac9,1683784085,386
0x0000021e,1683784278,193
0x20000acb,1683784471,193
0x20000acd,1683784856,385
0x20000acf,1683785241,385
0x20000ad1,1683785627,386
0x20000ad3,1683786012,385
0x00000220,1683786204,192
0x20000ad5,1683786397,193
0x20000ad7,1683786782,385
0x20000ad9,1683787168,386
0x20000adb,1683787553,385
0x20000add,1683787939,386
0x00000222,1683788132,193
0x20000adf,1683788325,193
0x20000ae1,1683788710,385
0x20000ae3,1683789095,385
0x20000ae5,1683789481,386
0x20000ae7,1683789866,385
0x00000224,1683790060,194
0x20000ae9,1683790253,193
0x20000aeb,1683790637,384
0x20000aed,1683791023,386
0x20000aef,1683791408,385
0x20000af1,1683791794,386
0x00000226,1683792029,235
0x20000af3,1683792222,193
0x20000af5,1683792565,343
0x20000af7,1683792950,385
0x20000af9,1683793336,386
0x20000afb,1683793721,385
0x00000228,1683793998,277
0x20000afd,1683794191,193
0x20000aff,1683794492,301
0x20000b01,1683794878,386
0x20000b03,1683795263,385
0x20000b05,1683795649,386
0x0000022a,1683795967,318
0x20000b07,1683796160,193
0x20000b09,1683796420,260
0x20000b0b,1683796805,385
0x20000b0d,1683797191,386
0x20000b0f,1683797576,385
0x0000022c,1683797936,360
0x20000b11,1683798129,193
0x20000b13,1683798347,218
0x20000b15,1683798733,386
0x20000b17,1683799118,385
0x20000b19,1683799504,386
0x20000b1b,1683799889,385
0x0000022e,1683800082,193
0x20000b1d,1683800275,193
0x20000b1f,1683800660,385
0x20000b21,1683801046,386
0x20000b23,1683801431,385
0x20000b25,1683801817,386
0x00000230,1683802010,193
0x20000b27,1683802203,193
0x20000b29,1683802588,385
0x20000b2b,1683802973,385
0x20000b2d,1683803359,386
0x20000b2f,1683803744,385
0x00000232,1683803937,193
0x20000b31,1683804130,193
0x20000b33,1683804515,385
0x20000b35,1683804901,386
0x20000b37,1683805286,385
0x20000b39,1683805672,386
0x00000234,1683805865,193
0x20000b3b,1683806058,193
0x20000b3d,1683806443,385
0x20000b3f,1683806828,385
0x20000b41,1683807214,386
0x20000b43,1683807599,385
0x00000236,1683807792,193
0x20000b45,1683807985,193
0x20000b47,1683808370,385
0x20000b49,1683808756,386
0x20000b4b,1683809141,385
0x20000b4d,1683809527,386
0x00000238,1683809751,224
0x20000b4f,1683809944,193
0x20000b51,1683810298,354
0x20000b53,1683810683,385
0x20000b55,1683811069,386
0x20000b57,1683811454,385
0x0000023a,1683811720,266
0x20000b59,1683811913,193
0x20000b5b,1683812225,312
0x20000b5d,1683812611,386
0x20000b5f,1683812996,385
0x20000b61,1683813382,386
0x0000023c,1683813689,307
0x20000b63,1683813882,193
0x20000b65,1683814153,271
0x20000b67,1683814538,385
0x20000b69,1683814924,386
0x20000b6b,1683815309,385
0x0000023e,1683815658,349
0x20000b6d,1683815851,193
0x20000b6f,1683816080,229
0x20000b71,1683816466,386
0x20000b73,1683816851,385
0x20000b75,1683817237,386
0x20000b77,1683817622,385
0x00000240,1683817815,193
0x20000b79,1683818008,193
0x20000b7b,1683818393,385
0x20000b7d,1683818779,386
0x20000b7f,1683819164,385
0x20000b81,1683819550,386
0x00000242,1683819743,193
0x20000b83,1683819936,193
0x20000b85,1683820321,385
0x20000b87,1683820706,385
0x20000b89,1683821092,386
0x20000b8b,1683821477,385
0x00000244,1683821670,193
0x20000b8d,1683821863,193
0x20000b8f,1683822248,385
0x20000b91,1683822634,386
0x20000b93,1683823019,385
0x20000b95,1683823405,386
0x00000246,1683823598,193
0x20000b97,1683823791,193
0x20000b99,1683824176,385
0x20000b9b,1683824561,385
0x20000b9d,1683824947,386
0x20000b9f,1683825332,385
0x00000248,1683825525,193
0x20000ba1,1683825718,193
0x20000ba3,1683826103,385
0x20000ba5,1683826489,386
0x20000ba7,1683826874,385
0x20000ba9,1683827260,386
0x0000024a,1683827472,212
0x20000bab,1683827665,193
0x20000bad,1683828031,366
0x20000baf,1683828416,385
0x20000bb1,1683828802,386
0x20000bb3,1683829187,385
0x0000024c,1683829441,254
0x20000bb5,1683829634,193
0x20000bb7,1683829958,324
0x20000bb9,1683830344,386
0x20000bbb,1683830729,385
0x20000bbd,1683831115,386
0x0000024e,1683831410,295
0x20000bbf,1683831603,193
0x20000bc1,1683831886,283
0x20000bc3,1683832271,385
0x20000bc5,1683832657,386
0x20000bc7,1683833042,385
0x00000250,1683833379,337
0x20000bc9,1683833572,193
0x20000bcb,1683833813,241
0x20000bcd,1683834199,386
0x20000bcf,1683834584,385
0x20000bd1,1683834970,386
0x00000252,1683835348,378
0x20000bd3,1683835541,193
0x20000bd5,1683835741,200
0x20000bd7,1683836126,385
0x20000bd8,1683836512,386
0x20000bda,1683836897,385
0x20000bdc,1683837283,386
0x00000254,1683837476,193
0x20000bde,1683837669,193
0x20000be0,1683838054,385
0x20000be2,1683838439,385
0x20000be4,1683838825,386
0x20000be6,1683839210,385
0x00000256,1683839403,193
0x20000be8,1683839596,193
0x20000bea,1683839981,385
0x20000bec,1683840367,386
0x20000bee,1683840752,385
0x20000bf0,1683841138,386
0x00000258,1683841331,193
0x20000bf2,1683841524,193
0x20000bf4,1683841909,385
0x20000bf6,1683842294,385
0x20000bf8,1683842680,386
0x20000bfa,1683843065,385
0x0000025a,1683843258,193
0x20000bfc,1683843451,193
0x20000bfe,1683843836,385
0x20000c00,1683844222,386
0x20000c02,1683844607,385
0x20000c04,1683844993,386
0x0000025c,1683845193,200
0x20000c06,1683845386,193
0x20000c08,1683845764,378
0x20000c0a,1683846149,385
0x20000c0c,1683846535,386
0x20000c0e,1683846920,385
0x0000025e,1683847162,242
0x20000c10,1683847355,193
0x20000c12,1683847691,336
0x20000c14,1683848077,386
0x20000c16,1683848462,385
0x20000c18,1683848848,386
0x00000260,1683849131,283
0x20000c1a,1683849324,193
0x20000c1c,1683849619,295
0x20000c1e,1683850004,385
0x20000c20,1683850390,386
0x20000c22,1683850775,385
0x00000262,1683851100,325
0x20000c24,1683851293,193
0x20000c26,1683851546,253
0x20000c28,1683851932,386
0x20000c2a,1683852317,385
0x20000c2c,1683852703,386
0x00000264,1683853069,366
0x20000c2e,1683853262,193
0x20000c30,1683853474,212
0x20000c32,1683853859,385
0x20000c34,1683854245,386
0x20000c36,1683854630,385
0x20000c38,1683855016,386
0x00000266,1683855209,193
0x20000c3a,1683855402,193
0x20000c3c,1683855787,385
0x20000c3e,1683856172,385
0x20000c40,1683856558,386
0x20000c42,1683856943,385
0x00000268,1683857136,193
0x20000c44,1683857329,193
0x20000c46,1683857714,385
0x20000c48,1683858100,386
0x20000c4a,1683858485,385
0x20000c4c,1683858871,386
0x0000026a,1683859064,193
0x20000c4e,1683859257,193
0x20000c50,1683859642,385
0x20000c52,1683860027,385
0x20000c54,1683860413,386
0x20000c56,1683860798,385
0x0000026c,1683860991,193
0x20000c58,1683861184,193
0x20000c5a,1683861569,385
0x20000c5c,1683861955,386
0x20000c5e,1683862340,385
0x20000c60,1683862726,386
0x0000026e,1683862919,193
0x20000c62,1683863112,193
0x20000c64,1683863497,385
0x20000c66,1683863882,385
0x20000c68,1683864268,386
0x20000c6a,1683864653,385
0x00000270,1683864883,230
0x20000c6c,1683865076,193
0x20000c6e,1683865424,348
0x20000c70,1683865810,386
0x20000c72,1683866195,385
0x20000c74,1683866581,386
0x00000272,1683866852,271
0x20000c76,1683867045,193
0x20000c78,1683867352,307
0x20000c7a,1683867737,385
0x20000c7c,1683868123,386
0x20000c7e,1683868508,385
0x00000274,1683868821,313
0x20000c80,1683869014,193
0x20000c82,1683869279,265
0x20000c84,1683869665,386
0x20000c86,1683870050,385
0x20000c88,1683870436,386
0x00000276,1683870790,354
0x20000c8a,1683870983,193
0x20000c8c,1683871207,224
0x20000c8e,1683871592,385
0x20000c90,1683871978,386
0x20000c92,1683872363,385
0x20000c94,1683872749,386
0x00000278,1683872942,193
0x20000c96,1683873135,193
0x20000c98,1683873520,385
0x20000c9a,1683873905,385
0x20000c9c,1683874291,386
0x20000c9e,1683874676,385
0x0000027a,1683874869,193
0x20000ca0,1683875062,193
0x20000ca2,1683875447,385
0x20000ca4,1683875833,386
0x20000ca6,1683876218,385
0x20000ca8,1683876604,386
0x0000027c,1683876797,193
0x20000caa,1683876990,193
0x20000cac,1683877375,385
0x20000cae,1683877760,385
0x20000cb0,1683878146,386
0x20000cb2,1683878531,385
0x0000027e,1683878724,193
0x20000cb4,1683878917,193
0x20000cb6,1683879302,385
0x20000cb8,1683879688,386
0x20000cba,1683880073,385
0x20000cbc,1683880459,386
0x00000280,1683880652,193
0x20000cbe,1683880845,193
0x20000cc0,1683881230,385
0x20000cc2,1683881615,385
0x20000cc4,1683882001,386
0x20000cc6,1683882386,385
0x00000282,1683882604,218
0x20000cc8,1683882797,193
0x20000cca,1683883157,360
0x20000ccc,1683883543,386
0x20000cce,1683883928,385
0x20000cd0,1683884314,386
0x00000284,1683884573,259
0x20000cd2,1683884766,193
0x20000cd4,1683885085,319
0x20000cd6,1683885470,385
0x20000cd8,1683885856,386
0x20000cda,1683886241,385
0x00000286,1683886542,301
0x20000cdc,1683886735,193
0x20000cde,1683887012,277
0x20000ce0,1683887398,386
0x20000ce2,1683887783,385
0x20000ce4,1683888169,386
0x00000288,1683888511,342
0x20000ce6,1683888704,193
0x20000ce8,1683888940,236
0x20000cea,1683889325,385
0x20000cec,1683889711,386
0x20000cee,1683890096,385
0x0000028a,1683890480,384
0x20000cf0,1683890673,193
0x20000cf2,1683890867,194
0x20000cf4,1683891253,386
0x20000cf6,1683891638,385
0x20000cf8,1683892024,386
0x20000cfa,1683892409,385
0x0000028c,1683892602,193
0x20000cfc,1683892795,193
0x20000cfe,1683893180,385
0x20000d00,1683893566,386
0x20000d02,1683893951,385
0x20000d04,1683894337,386
0x0000028e,1683894530,193
0x20000d06,1683894723,193
0x20000d08,1683895108,385
0x20000d0a,1683895493,385
0x20000d0c,1683895879,386
0x20000d0e,1683896264,385
0x00000290,1683896457,193
0x20000d10,1683896650,193
0x20000d12,1683897035,385
0x20000d14,1683897421,386
0x20000d16,1683897806,385
0x20000d18,1683898192,386
0x00000292,1683898385,193
0x20000d1a,1683898578,193
0x20000d1c,1683898963,385
0x20000d1e,1683899348,385
0x20000d20,1683899734,386
0x20000d22,1683900119,385
0x00000294,1683900325,206
0x20000d24,1683900518,193
0x20000d26,1683900890,372
0x20000d28,1683901276,386
0x20000d2a,1683901661,385
0x20000d2c,1683902047,386
0x00000296,1683902294,247
0x20000d2e,1683902487,193
0x20000d30,1683902818,331
0x20000d32,1683903203,385
0x20000d34,1683903589,386
0x20000d36,1683903974,385
0x00000298,1683904263,289
0x20000d38,1683904456,193
0x20000d3a,1683904745,289
0x20000d3c,1683905131,386
0x20000d3e,1683905516,385
0x20000d40,1683905902,386
0x0000029a,1683906232,330
0x20000d42,1683906425,193
0x20000d44,1683906673,248
0x20000d46,1683907058,385
0x20000d48,1683907444,386
0x20000d4a,1683907829,385
0x0000029c,1683908201,372
0x20000d4c,1683908394,193
0x20000d4e,1683908600,206
0x20000d50,1683908986,386
0x20000d52,1683909371,385
0x20000d54,1683909757,386
0x20000d56,1683910142,385
0x0000029e,1683910335,193
0x20000d58,1683910528,193
0x20000d5a,1683910913,385
0x20000d5c,1683911299,386
0x20000d5e,1683911684,385
0x20000d60,1683912070,386
0x000002a0,1683912263,193
0x20000d62,1683912456,193
0x20000d64,1683912841,385
0x20000d66,1683913226,385
0x20000d68,1683913612,386
0x20000d6a,1683913997,385
0x000002a2,1683914190,193
0x20000d6c,1683914383,193
0x20000d6e,1683914768,385
0x20000d70,1683915154,386
0x20000d72,1683915539,385
0x20000d74,1683915925,386
0x000002a4,1683916118,193
0x20000d76,1683916311,193
0x20000d78,1683916696,385
0x20000d7a,1683917081,385
0x20000d7c,1683917467,386
0x20000d7e,1683917852,385
0x000002a6,1683918046,194
0x20000d80,1683918239,193
0x20000d82,1683918623,384
0x20000d84,1683919009,386
0x20000d86,1683919394,385
0x20000d88,1683919780,386
0x000002a8,1683920015,235
0x20000d8a,1683920208,193
0x20000d8c,1683920551,343
0x20000d8e,1683920936,385
0x20000d90,1683921322,386
0x20000d92,1683921707,385
0x000002aa,1683921984,277
0x20000d94,1683922177,193
0x20000d96,1683922478,301
0x20000d98,1683922864,386
0x20000d9a,1683923249,385
0x20000d9c,1683923635,386
0x000002ac,1683923953,318
0x20000d9e,1683924146,193
0x20000da0,1683924406,260
0x20000da2,1683924791,385
0x20000da4,1683925177,386
0x20000da6,1683925562,385
0x000002ae,1683925922,360
0x20000da8,1683926115,193
0x20000daa,1683926333,218
0x20000dac,1683926719,386
0x20000dae,1683927104,385
0x20000db0,1683927490,386
0x20000db2,1683927875,385
0x000002b0,1683928068,193
0x20000db4,1683928261,193
0x20000db6,1683928646,385
0x20000db8,1683929032,386
0x20000dba,1683929417,385
0x20000dbc,1683929803,386
0x000002b2,1683929996,193
0x20000dbe,1683930189,193
0x20000dc0,1683930574,385
0x20000dc2,1683930959,385
0x20000dc4,1683931345,386
0x20000dc6,1683931730,385
0x000002b4,1683931923,193
0x20000dc8,1683932116,193
0x20000dca,1683932501,385
0x20000dcc,1683932887,386
0x20000dce,1683933272,385
0x20000dd0,1683933658,386
0x000002b6,1683933851,193
0x20000dd2,1683934044,193
0x20000dd4,1683934429,385
0x20000dd6,1683934814,385
0x20000dd8,1683935200,386
0x20000dda,1683935585,385
0x000002b8,1683935778,193
0x20000ddc,1683935971,193
0x20000dde,1683936356,385
0x20000de0,1683936742,386
0x20000de2,1683937127,385
0x20000de4,1683937513,386
0x000002ba,1683937736,223
0x20000de6,1683937929,193
0x20000de8,1683938284,355
0x20000dea,1683938669,385
0x20000dec,1683939055,386
0x20000dee,1683939440,385
0x000002bc,1683939705,265
0x20000df0,1683939898,193
0x20000df2,1683940211,313
0x20000df4,1683940597,386
0x20000df6,1683940982,385
0x20000df8,1683941368,386
0x000002be,1683941674,306
0x20000dfa,1683941867,193
0x20000dfc,1683942139,272
0x20000dfe,1683942524,385
0x20000e00,1683942910,386
0x20000e02,1683943295,385
0x000002c0,1683943643,348
0x20000e04,1683943836,193
0x20000e06,1683944066,230
0x20000e08,1683944452,386
0x20000e0a,1683944837,385
0x20000e0c,1683945223,386
0x20000e0e,1683945608,385
0x000002c2,1683945801,193
0x20000e10,1683945994,193
0x20000e12,1683946379,385
0x20000e14,1683946765,386
0x20000e16,1683947150,385
0x20000e18,1683947536,386
0x000002c4,1683947729,193
0x20000e1a,1683947922,193
0x20000e1c,1683948307,385
0x20000e1e,1683948692,385
0x20000e20,1683949078,386
0x20000e22,1683949463,385
0x000002c6,1683949656,193
0x20000e24,1683949849,193
0x20000e26,1683950234,385
0x20000e28,1683950620,386
0x20000e2a,1683951005,385
0x20000e2c,1683951391,386
0x000002c8,1683951584,193
0x20000e2e,1683951777,193
0x20000e30,1683952162,385
0x20000e32,1683952547,385
0x20000e34,1683952933,386
0x20000e36,1683953318,385
0x000002ca,1683953511,193
0x20000e38,1683953704,193
0x20000e3a,1683954089,385
0x20000e3c,1683954475,386
0x20000e3e,1683954860,385
0x20000e40,1683955246,386
0x000002cc,1683955457,211
0x20000e42,1683955650,193
0x20000e44,1683956017,367
0x20000e46,1683956402,385
0x20000e48,1683956788,386
0x20000e4a,1683957173,385
0x000002ce,1683957426,253
0x20000e4c,1683957619,193
0x20000e4e,1683957944,325
0x20000e50,1683958330,386
0x20000e52,1683958715,385
0x20000e54,1683959101,386
0x000002d0,1683959395,294
0x20000e56,1683959588,193
0x20000e58,1683959872,284
0x20000e5a,1683960257,385
0x20000e5c,1683960643,386
0x20000e5e,1683961028,385
0x000002d2,1683961364,336
0x20000e60,1683961557,193
0x20000e62,1683961799,242
0x20000e64,1683962185,386
0x20000e66,1683962570,385
0x20000e68,1683962956,386
0x000002d4,1683963333,377
0x20000e6a,1683963526,193
0x20000e6c,1683963727,201
0x20000e6e,1683964112,385
0x20000e70,1683964498,386
0x20000e72,1683964883,385
0x20000e74,1683965269,386
0x000002d6,1683965462,193
0x20000e76,1683965655,193
0x20000e78,1683966040,385
0x20000e7a,1683966425,385
0x20000e7c,1683966811,386
0x20000e7e,1683967196,385
0x000002d8,1683967389,193
0x20000e80,1683967582,193
0x20000e82,1683967967,385
0x20000e84,1683968353,386
0x20000e86,1683968738,385
0x20000e88,1683969124,386
0x000002da,1683969317,193
0x20000e8a,1683969510,193
0x20000e8c,1683969895,385
0x20000e8e,1683970280,385
0x20000e90,1683970666,386
0x20000e92,1683971051,385
0x000002dc,1683971244,193
0x20000e94,1683971437,193
0x20000e96,1683971822,385
0x20000e98,1683972208,386
0x20000e9a,1683972593,385
0x20000e9c,1683972979,386
0x000002de,1683973178,199
0x20000e9e,1683973371,193
0x20000ea0,1683973750,379
0x20000ea2,1683974135,385
0x20000ea4,1683974521,386
0x20000ea6,1683974906,385
0x000002e0,1683975147,241
0x20000ea8,1683975340,193
0x20000eaa,1683975677,337
0x20000eac,1683976063,386
0x20000eae,1683976448,385
0x20000eb0,1683976834,386
0x000002e2,1683977116,282
0x20000eb2,1683977309,193
0x20000eb4,1683977605,296
0x20000eb6,1683977990,385
0x20000eb8,1683978376,386
0x20000eba,1683978761,385
0x000002e4,1683979085,324
0x20000ebc,1683979278,193
0x20000ebe,1683979532,254
0x20000ec0,1683979918,386
0x20000ec2,1683980303,385
0x20000ec4,1683980689,386
0x000002e6,1683981054,365
0x20000ec6,1683981247,193
0x20000ec8,1683981460,213
0x20000eca,1683981845,385
0x20000ecc,1683982231,386
0x20000ece,1683982616,385
0x20000ed0,1683983002,386
0x000002e8,1683983195,193
0x20000ed2,1683983388,193
0x20000ed4,1683983773,385
0x20000ed6,1683984158,385
0x20000ed8,1683984544,386
0x20000eda,1683984929,385
0x000002ea,1683985122,193
0x20000edb,1683985315,193
0x20000edd,1683985700,385
0x20000edf,1683986086,386
0x20000ee1,1683986471,385
0x20000ee3,1683986857,386
0x000002ec,1683987050,193
0x20000ee5,1683987243,193
0x20000ee7,1683987628,385
0x20000ee9,1683988013,385
0x20000eeb,1683988399,386
0x20000eed,1683988784,385
0x000002ee,1683988977,193
0x20000eef,1683989170,193
0x20000ef1,1683989555,385
0x20000ef3,1683989941,386
0x20000ef5,1683990326,385
0x20000ef7,1683990712,386
0x000002f0,1683990905,193
0x20000ef9,1683991098,193
0x20000efb,1683991483,385
0x20000efd,1683991868,385
0x20000eff,1683992254,386
0x20000f01,1683992639,385
0x000002f2,1683992868,229
0x20000f03,1683993061,193
0x20000f05,1683993410,349
0x20000f07,1683993796,386
0x20000f09,1683994181,385
0x20000f0b,1683994567,386
0x000002f4,1683994837,270
0x20000f0d,1683995030,193
0x20000f0f,1683995338,308
0x20000f11,1683995723,385
0x20000f13,1683996109,386
0x20000f15,1683996494,385
0x000002f6,1683996806,312
0x20000f17,1683996999,193
0x20000f19,1683997265,266
0x20000f1b,1683997651,386
0x20000f1d,1683998036,385
0x20000f1f,1683998422,386
0x000002f8,1683998775,353
0x20000f21,1683998968,193
0x20000f23,1683999193,225
0x20000f25,1683999578,385
0x20000f27,1683999964,386
0x20000f29,1684000349,385
0x20000f2b,1684000735,386
0x000002fa,1684000928,193
0x20000f2d,1684001121,193
0x20000f2f,1684001506,385
0x20000f31,1684001891,385
0x20000f33,1684002277,386
0x20000f35,1684002662,385
0x000002fc,1684002855,193
0x20000f37,1684003048,193
0x20000f39,1684003433,385
0x20000f3b,1684003819,386
0x20000f3d,1684004204,385
0x20000f3f,1684004590,386
0x000002fe,1684004783,193
0x20000f41,1684004976,193
0x20000f43,1684005361,385
0x20000f45,1684005746,385
0x20000f47,1684006132,386
0x20000f49,1684006517,385
0x00000300,1684006710,193
0x20000f4b,1684006903,193
0x20000f4d,1684007288,385
0x20000f4f,1684007674,386
0x20000f51,1684008059,385
0x20000f53,1684008445,386
0x00000302,1684008638,193
0x20000f55,1684008831,193
0x20000f57,1684009216,385
0x20000f59,1684009601,385
0x20000f5b,1684009987,386
0x20000f5d,1684010372,385
0x00000304,1684010589,217
0x20000f5f,1684010782,193
0x20000f61,1684011143,361
0x20000f63,1684011529,386
0x20000f65,1684011914,385
0x20000f67,1684012300,386
0x00000306,1684012558,258
0x20000f69,1684012751,193
0x20000f6b,1684013071,320
0x20000f6d,1684013456,385
0x20000f6f,1684013842,386
0x20000f71,1684014227,385
0x00000308,1684014527,300
0x20000f73,1684014720,193
0x20000f75,1684014998,278
0x20000f77,1684015384,386
0x20000f79,1684015769,385
0x20000f7b,1684016155,386
0x0000030a,1684016496,341
0x20000f7d,1684016689,193
0x20000f7f,1684016925,236
0x20000f81,1684017310,385
0x20000f83,1684017696,386
0x20000f85,1684018081,385
0x0000030c,1684018464,383
0x20000f87,1684018657,193
0x20000f89,1684018852,195
0x20000f8b,1684019238,386
0x20000f8d,1684019623,385
0x20000f8f,1684020009,386
0x20000f91,1684020394,385
0x0000030e,1684020587,193
0x20000f93,1684020780,193
0x20000f95,1684021165,385
0x20000f97,1684021551,386
0x20000f99,1684021936,385
0x20000f9b,1684022322,386
0x00000310,1684022515,193
0x20000f9d,1684022708,193
0x20000f9f,1684023093,385
0x20000fa1,1684023478,385
0x20000fa3,1684023864,386
0x20000fa5,1684024249,385
0x00000312,1684024442,193
0x20000fa7,1684024635,193
0x20000fa9,1684025020,385
0x20000fab,1684025406,386
0x20000fad,1684025791,385
0x20000faf,1684026177,386
0x00000314,1684026370,193
0x20000fb1,1684026563,193
0x20000fb3,1684026948,385
0x20000fb5,1684027333,385
0x20000fb7,1684027719,386
0x20000fb9,1684028104,385
0x00000316,1684028309,205
0x20000fbb,1684028502,193
0x20000fbd,1684028875,373
0x20000fbf,1684029261,386
0x20000fc1,1684029646,385
0x20000fc3,1684030032,386
0x00000318,1684030278,246
0x20000fc5,1684030471,193
0x20000fc7,1684030803,332
0x20000fc9,1684031188,385
0x20000fcb,1684031574,386
0x20000fcd,1684031959,385
0x0000031a,1684032248,289
0x20000fcf,1684032441,193
0x20000fd1,1684032730,289
0x20000fd3,1684033116,386
0x20000fd5,1684033501,385
0x20000fd7,1684033887,386
0x0000031c,1684034217,330
0x20000fd9,1684034410,193
0x20000fdb,1684034658,248
0x20000fdd,1684035043,385
0x20000fdf,1684035429,386
0x20000fe1,1684035814,385
0x0000031e,1684036186,372
0x20000fe3,1684036379,193
0x20000fe5,1684036585,206
0x20000fe7,1684036971,386
0x20000fe9,1684037356,385
0x20000feb,1684037742,386
0x20000fed,1684038127,385
0x00000320,1684038320,193
0x20000fef,1684038513,193
0x20000ff1,1684038898,385
0x20000ff3,1684039284,386
0x20000ff5,1684039669,385
0x20000ff7,1684040055,386
0x00000322,1684040248,193
0x20000ff9,1684040441,193
0x20000ffb,1684040826,385
0x20000ffd,1684041211,385
0x20000fff,1684041597,386
0x20001001,1684041982,385
0x00000324,1684042175,193
0x20001003,1684042368,193
0x20001005,1684042753,385
0x20001007,1684043139,386
0x20001009,1684043524,385
0x2000100b,1684043910,386
0x00000326,1684044103,193
0x2000100d,1684044296,193
0x2000100f,1684044681,385
0x20001011,1684045066,385
0x20001013,1684045452,386
0x20001015,1684045837,385
0x00000328,1684046031,194
0x20001017,1684046224,193
0x20001019,1684046608,384
0x2000101b,1684046994,386
0x2000101d,1684047379,385
0x2000101f,1684047765,386
0x0000032a,1684048000,235
0x20001021,1684048193,193
0x20001023,1684048536,343
0x20001025,1684048921,385
0x20001027,1684049307,386
0x20001029,1684049692,385
0x0000032c,1684049969,277
0x2000102b,1684050162,193
0x2000102d,1684050463,301
0x2000102f,1684050849,386
0x20001031,1684051234,385
0x20001033,1684051620,386
0x0000032e,1684051938,318
0x20001035,1684052131,193
0x20001037,1684052391,260
0x20001039,1684052776,385
0x2000103b,1684053162,386
0x2000103d,1684053547,385
0x00000330,1684053907,360
0x2000103f,1684054100,193
0x20001041,1684054318,218
0x20001043,1684054704,386
0x20001045,1684055089,385
0x20001047,1684055475,386
0x20001049,1684055860,385
0x00000332,1684056053,193
0x2000104b,1684056246,193
0x2000104d,1684056631,385
0x2000104f,1684057017,386
0x20001051,1684057402,385
0x20001053,1684057788,386
0x00000334,1684057981,193
0x20001055,1684058174,193
0x20001057,1684058559,385
0x20001059,1684058944,385
0x2000105b,1684059330,386
0x2000105d,1684059715,385
0x00000336,1684059908,193
0x2000105f,1684060101,193
0x20001061,1684060486,385
0x20001063,1684060872,386
0x20001065,1684061257,385
0x20001067,1684061643,386
0x00000338,1684061836,193
0x20001069,1684062029,193
0x2000106b,1684062414,385
0x2000106d,1684062799,385
0x2000106f,1684063185,386
0x20001071,1684063570,385
0x0000033a,1684063763,193
0x20001073,1684063956,193
0x20001075,1684064341,385
0x20001077,1684064727,386
0x20001079,1684065112,385
0x2000107b,1684065498,386
0x0000033c,1684065721,223
0x2000107d,1684065914,193
0x2000107f,1684066269,355
0x20001081,1684066654,385
0x20001083,1684067040,386
0x20001085,1684067425,385
0x0000033e,1684067690,265
0x20001087,1684067883,193
0x20001089,1684068196,313
0x2000108b,1684068582,386
0x2000108d,1684068967,385
0x2000108f,1684069353,386
0x00000340,1684069659,306
0x20001091,1684069852,193
0x20001093,1684070124,272
0x20001095,1684070509,385
0x20001097,1684070895,386
0x20001099,1684071280,385
0x00000342,1684071628,348
0x2000109b,1684071821,193
0x2000109d,1684072051,230
0x2000109f,1684072437,386
0x200010a1,1684072822,385
0x200010a3,1684073208,386
0x200010a5,1684073593,385
0x00000344,1684073786,193
0x200010a7,1684073979,193
0x200010a9,1684074364,385
0x200010ab,1684074750,386
0x200010ad,1684075135,385
0x200010af,1684075521,386
0x00000346,1684075714,193
0x200010b1,1684075907,193
0x200010b3,1684076292,385
0x200010b5,1684076677,385
0x200010b7,1684077063,386
0x200010b9,1684077448,385
0x00000348,1684077641,193
0x200010bb,1684077834,193
0x200010bd,1684078219,385
0x200010bf,1684078605,386
0x200010c1,1684078990,385
0x200010c3,1684079376,386
0x0000034a,1684079569,193
0x200010c5,1684079762,193
0x200010c7,1684080147,385
0x200010c9,1684080532,385
0x200010cb,1684080918,386
0x200010cd,1684081303,385
0x0000034c,1684081496,193
0x200010cf,1684081689,193
0x200010d1,1684082074,385
0x200010d3,1684082460,386
0x200010d5,1684082845,385
0x200010d7,1684083231,386
0x0000034e,1684083442,211
0x200010d9,1684083635,193
0x200010db,1684084002,367
0x200010dd,1684084387,385
0x200010df,1684084773,386
0x200010e1,1684085158,385
0x00000350,1684085411,253
0x200010e3,1684085604,193
0x200010e5,1684085929,325
0x200010e7,1684086315,386
0x200010e9,1684086700,385
0x200010eb,1684087086,386
0x00000352,1684087380,294
0x200010ed,1684087573,193
0x200010ef,1684087857,284
0x200010f1,1684088242,385
0x200010f3,1684088628,386
0x200010f5,1684089013,385
0x00000354,1684089349,336
0x200010f7,1684089542,193
0x200010f9,1684089784,242
0x200010fb,1684090170,386
0x200010fd,1684090555,385
0x200010ff,1684090941,386
0x00000356,1684091318,377
0x20001101,1684091511,193
0x20001103,1684091712,201
0x20001105,1684092097,385
0x20001107,1684092483,386
0x20001109,1684092868,385
0x2000110b,1684093254,386
0x00000358,1684093447,193
0x2000110d,1684093640,193
0x2000110f,1684094025,385
0x20001111,1684094410,385
0x20001113,1684094796,386
0x20001115,1684095181,385
0x0000035a,1684095374,193
0x20001117,1684095567,193
0x20001119,1684095952,385
0x2000111b,1684096338,386
0x2000111d,1684096723,385
0x2000111f,1684097109,386
0x0000035c,1684097302,193
0x20001121,1684097495,193
0x20001123,1684097880,385
0x20001125,1684098265,385
0x20001127,1684098651,386
0x20001129,1684099036,385
0x0000035e,1684099229,193
0x2000112b,1684099422,193
0x2000112d,1684099807,385
0x2000112f,1684100193,386
0x20001131,1684100578,385
0x20001133,1684100964,386
0x00000360,1684101163,199
0x20001135,1684101356,193
0x20001137,1684101735,379
0x20001139,1684102120,385
0x2000113b,1684102506,386
0x2000113d,1684102891,385
0x00000362,1684103132,241
0x2000113f,1684103325,193
0x20001141,1684103662,337
0x20001143,1684104048,386
0x20001145,1684104433,385
0x20001147,1684104819,386
0x00000364,1684105101,282
0x20001149,1684105294,193
0x2000114b,1684105590,296
0x2000114d,1684105975,385
0x2000114f,1684106361,386
0x20001151,1684106746,385
0x00000366,1684107070,324
0x20001153,1684107263,193
0x20001155,1684107517,254
0x20001157,1684107903,386
0x20001159,1684108288,385
0x2000115b,1684108674,386
0x00000368,1684109039,365
0x2000115d,1684109232,193
0x2000115f,1684109445,213
0x20001161,1684109830,385
0x20001163,1684110216,386
0x20001165,1684110601,385
0x20001167,1684110987,386
0x0000036a,1684111180,193
0x20001169,1684111373,193
0x2000116b,1684111758,385
0x2000116d,1684112143,385
0x2000116f,1684112529,386
0x20001171,1684112914,385
0x0000036c,1684113107,193
0x20001173,1684113300,193
0x20001175,1684113685,385
0x20001177,1684114071,386
0x20001179,1684114456,385
0x2000117b,1684114842,386
0x0000036e,1684115035,193
0x2000117d,1684115228,193
0x2000117f,1684115613,385
0x20001181,1684115998,385
0x20001183,1684116384,386
0x20001185,1684116769,385
0x00000370,1684116962,193
0x20001187,1684117155,193
0x20001189,1684117540,385
0x2000118b,1684117926,386
0x2000118d,1684118311,385
0x2000118f,1684118697,386
0x00000372,1684118890,193
0x20001191,1684119083,193
0x20001193,1684119468,385
0x20001195,1684119853,385
0x20001197,1684120239,386
0x20001199,1684120624,385
0x00000374,1684120853,229
0x2000119b,1684121046,193
0x2000119d,1684121395,349
0x2000119f,1684121781,386
0x200011a1,1684122166,385
0x200011a3,1684122552,386
0x00000376,1684122822,270
0x200011a5,1684123015,193
0x200011a7,1684123323,308
0x200011a9,1684123708,385
0x200011ab,1684124094,386
0x200011ad,1684124479,385
0x00000378,1684124791,312
0x200011af,1684124984,193
0x200011b1,1684125250,266
0x200011b3,1684125636,386
0x200011b5,1684126021,385
0x200011b7,1684126407,386
0x0000037a,1684126760,353
0x200011b9,1684126953,193
0x200011bb,1684127178,225
0x200011bd,1684127563,385
0x200011bf,1684127949,386
0x200011c1,1684128334,385
0x200011c3,1684128720,386
0x0000037c,1684128913,193
0x200011c5,1684129106,193
0x200011c7,1684129491,385
0x200011c9,1684129876,385
0x200011cb,1684130262,386
0x200011cd,1684130647,385
0x0000037e,1684130840,193
0x200011cf,1684131033,193
0x200011d1,1684131418,385
0x200011d3,1684131804,386
0x200011d5,1684132189,385
0x200011d7,1684132575,386
0x00000380,1684132768,193
0x200011d9,1684132961,193
0x200011da,1684133346,385
0x200011dc,1684133731,385
0x200011de,1684134117,386
0x200011e0,1684134502,385
0x00000382,1684134695,193
0x200011e2,1684134888,193
0x200011e4,1684135273,385
0x200011e6,1684135659,386
0x200011e8,1684136044,385
0x200011ea,1684136430,386
0x00000384,1684136623,193
0x200011ec,1684136816,193
0x200011ee,1684137201,385
0x200011f0,1684137586,385
0x200011f2,1684137972,386
0x200011f4,1684138357,385
0x00000386,1684138574,217
0x200011f6,1684138767,193
0x200011f8,1684139128,361
0x200011fa,1684139514,386
0x200011fc,1684139899,385
0x200011fe,1684140285,386
0x00000388,1684140543,258
0x20001200,1684140736,193
0x20001202,1684141056,320
0x20001204,1684141441,385
0x20001206,1684141827,386
0x20001208,1684142212,385
0x0000038a,1684142512,300
0x2000120a,1684142705,193
0x2000120c,1684142983,278
0x2000120e,1684143369,386
0x20001210,1684143754,385
0x20001212,1684144140,386
0x0000038c,1684144481,341
0x20001214,1684144674,193
0x20001216,1684144911,237
0x20001218,1684145296,385
0x2000121a,1684145682,386
0x2000121c,1684146067,385
0x0000038e,1684146450,383
0x2000121e,1684146643,193
0x20001220,1684146838,195
0x20001222,1684147224,386
0x20001224,1684147609,385
0x20001226,1684147995,386
0x20001228,1684148380,385
0x00000390,1684148573,193
0x2000122a,1684148766,193
0x2000122c,1684149151,385
0x2000122e,1684149537,386
0x20001230,1684149922,385
0x20001232,1684150308,386
0x00000392,1684150501,193
0x20001234,1684150694,193
0x20001236,1684151079,385
0x20001238,1684151464,385
0x2000123a,1684151850,386
0x2000123c,1684152235,385
0x00000394,1684152428,193
0x2000123e,1684152621,193
0x20001240,1684153006,385
0x20001242,1684153392,386
0x20001244,1684153777,385
0x20001246,1684154163,386
0x00000396,1684154356,193
0x20001248,1684154549,193
0x2000124a,1684154934,385
0x2000124c,1684155319,385
0x2000124e,1684155705,386
0x20001250,1684156090,385
0x00000398,1684156295,205
0x20001252,1684156488,193
0x20001254,1684156861,373
0x20001256,1684157247,386
0x20001258,1684157632,385
0x2000125a,1684158018,386
0x0000039a,1684158264,246
0x2000125c,1684158457,193
0x2000125e,1684158789,332
0x20001260,1684159174,385
0x20001262,1684159560,386
0x20001264,1684159945,385
0x0000039c,1684160233,288
0x20001266,1684160426,193
0x20001268,1684160716,290
0x2000126a,1684161102,386
0x2000126c,1684161487,385
0x2000126e,1684161873,386
0x0000039e,1684162202,329
0x20001270,1684162395,193
0x20001272,1684162644,249
0x20001274,1684163029,385
0x20001276,1684163415,386
0x20001278,1684163800,385
0x000003a0,1684164171,371
0x2000127a,1684164364,193
0x2000127c,1684164571,207
0x2000127e,1684164957,386
0x20001280,1684165342,385
0x20001282,1684165728,386
0x20001284,1684166113,385
0x000003a2,1684166306,193
0x20001286,1684166499,193
0x20001288,1684166884,385
0x2000128a,1684167270,386
0x2000128c,1684167655,385
0x2000128e,1684168041,386
0x000003a4,1684168234,193
0x20001290,1684168427,193
0x20001292,1684168812,385
0x20001294,1684169197,385
0x20001296,1684169583,386
0x20001298,1684169968,385
0x000003a6,1684170161,193
0x2000129a,1684170354,193
0x2000129c,1684170739,385
0x2000129e,1684171125,386
0x200012a0,1684171510,385
0x200012a2,1684171896,386
0x000003a8,1684172089,193
0x200012a4,1684172282,193
0x200012a6,1684172667,385
0x200012a8,1684173052,385
0x200012aa,1684173438,386
0x200012ac,1684173823,385
0x000003aa,1684174016,193
0x200012ae,1684174209,193
0x200012b0,1684174594,385
0x200012b2,1684174980,386
0x200012b4,1684175365,385
0x200012b6,1684175751,386
0x000003ac,1684175985,234
0x200012b8,1684176178,193
0x200012ba,1684176522,344
0x200012bc,1684176907,385
0x200012be,1684177293,386
0x200012c0,1684177678,385
0x000003ae,1684177954,276
0x200012c2,1684178147,193
0x200012c4,1684178449,302
0x200012c6,1684178835,386
0x200012c8,1684179220,385
0x200012ca,1684179606,386
0x000003b0,1684179923,317
0x200012cc,1684180116,193
0x200012ce,1684180377,261
0x200012d0,1684180762,385
0x200012d2,1684181148,386
0x200012d4,1684181533,385
0x000003b2,1684181892,359
0x200012d6,1684182085,193
0x200012d8,1684182304,219
0x200012da,1684182690,386
0x200012dc,1684183075,385
0x200012de,1684183461,386
0x200012e0,1684183846,385
0x000003b4,1684184039,193
0x200012e2,1684184232,193
0x200012e4,1684184617,385
0x200012e6,1684185003,386
0x200012e8,1684185388,385
0x200012ea,1684185774,386
0x000003b6,1684185967,193
0x200012ec,1684186160,193
0x200012ee,1684186545,385
0x200012f0,1684186930,385
0x200012f2,1684187316,386
0x200012f4,1684187701,385
0x000003b8,1684187894,193
0x200012f6,1684188087,193
0x200012f8,1684188472,385
0x200012fa,1684188858,386
0x200012fc,1684189243,385
0x200012fe,1684189629,386
0x000003ba,1684189822,193
0x20001300,1684190015,193
0x20001302,1684190400,385
0x20001304,1684190785,385
0x20001306,1684191171,386
0x20001308,1684191556,385
0x000003bc,1684191749,193
0x2000130a,1684191942,193
0x2000130c,1684192327,385
0x2000130e,1684192713,386
0x20001310,1684193098,385
0x20001312,1684193484,386
0x000003be,1684193706,222
0x20001314,1684193899,193
0x20001316,1684194255,356
0x20001318,1684194640,385
0x2000131a,1684195026,386
0x2000131c,1684195411,385
0x000003c0,1684195675,264
0x2000131e,1684195868,193
0x20001320,1684196182,314
0x20001322,1684196568,386
0x20001324,1684196953,385
0x20001326,1684197339,386
0x000003c2,1684197644,305
0x20001328,1684197837,193
0x2000132a,1684198110,273
0x2000132c,1684198495,385
0x2000132e,1684198881,386
0x20001330,1684199266,385
0x000003c4,1684199613,347
0x20001332,1684199806,193
0x20001334,1684200037,231
0x20001336,1684200423,386
0x20001338,1684200808,385
0x2000133a,1684201194,386
0x2000133c,1684201579,385
0x000003c6,1684201772,193
0x2000133e,1684201965,193
0x20001340,1684202350,385
0x20001342,1684202736,386
0x20001344,1684203121,385
0x20001346,1684203507,386
0x000003c8,1684203700,193
0x20001348,1684203893,193
0x2000134a,1684204278,385
0x2000134c,1684204663,385
0x2000134e,1684205049,386
0x20001350,1684205434,385
0x000003ca,1684205627,193
0x20001352,1684205820,193
0x20001354,1684206205,385
0x20001356,1684206591,386
0x20001358,1684206976,385
0x2000135a,1684207362,386
0x000003cc,1684207555,193
0x2000135c,1684207748,193
0x2000135e,1684208133,385
0x20001360,1684208518,385
0x20001362,1684208904,386
0x20001364,1684209289,385
0x000003ce,1684209482,193
0x20001366,1684209675,193
0x20001368,1684210060,385
0x2000136a,1684210446,386
0x2000136c,1684210831,385
0x2000136e,1684211217,386
0x000003d0,1684211427,210
0x20001370,1684211620,193
0x20001372,1684211988,368
0x20001374,1684212373,385
0x20001376,1684212759,386
0x20001378,1684213144,385
0x000003d2,1684213396,252
0x2000137a,1684213589,193
0x2000137c,1684213915,326
0x2000137e,1684214301,386
0x20001380,1684214686,385
0x20001382,1684215072,386
0x000003d4,1684215365,293
0x20001384,1684215558,193
0x20001386,1684215843,285
0x20001388,1684216228,385
0x2000138a,1684216614,386
0x2000138c,1684216999,385
0x000003d6,1684217334,335
0x2000138e,1684217527,193
0x20001390,1684217770,243
0x20001392,1684218156,386
0x20001394,1684218541,385
0x20001396,1684218927,386
0x000003d8,1684219303,376
0x20001398,1684219496,193
0x2000139a,1684219698,202
0x2000139c,1684220083,385
0x2000139e,1684220469,386
0x200013a0,1684220854,385
0x200013a2,1684221240,386
0x000003da,1684221433,193
0x200013a4,1684221626,193
0x200013a6,1684222011,385
0x200013a8,1684222396,385
0x200013aa,1684222782,386
0x200013ac,1684223167,385
0x000003dc,1684223360,193
0x200013ae,1684223553,193
0x200013b0,1684223938,385
0x200013b2,1684224324,386
0x200013b4,1684224709,385
0x200013b6,1684225095,386
0x000003de,1684225288,193
0x200013b8,1684225481,193
0x200013ba,1684225866,385
0x200013bc,1684226251,385
0x200013be,1684226637,386
0x200013c0,1684227022,385
0x000003e0,1684227215,193
0x200013c2,1684227408,193
0x200013c4,1684227793,385
0x200013c6,1684228179,386
0x200013c8,1684228564,385
0x200013ca,1684228950,386
0x000003e2,1684229148,198
0x200013cc,1684229341,193
0x200013ce,1684229721,380
0x200013d0,1684230106,385
0x200013d2,1684230492,386
0x200013d4,1684230877,385
0x000003e4,1684231117,240
0x200013d6,1684231310,193
0x200013d8,1684231648,338
0x200013da,1684232034,386
0x200013dc,1684232419,385
0x200013de,1684232805,386
0x000003e6,1684233086,281
0x200013e0,1684233279,193
0x200013e2,1684233576,297
0x200013e4,1684233961,385
0x200013e6,1684234347,386
0x200013e8,1684234732,385
0x000003e8,1684235055,323
0x200013ea,1684235248,193
0x200013ec,1684235503,255
0x200013ee,1684235889,386
0x200013f0,1684236274,385
0x200013f2,1684236660,386
0x000003ea,1684237024,364
0x200013f4,1684237217,193
0x200013f6,1684237431,214
0x200013f8,1684237816,385
0x200013fa,1684238202,386
0x200013fc,1684238587,385
0x200013fe,1684238973,386
0x000003ec,1684239166,193
0x20001400,1684239359,193
0x20001402,1684239744,385
0x20001404,1684240129,385
0x20001406,1684240515,386
0x20001408,1684240900,385
0x000003ee,1684241093,193
0x2000140a,1684241286,193
0x2000140c,1684241671,385
0x2000140e,1684242057,386
0x20001410,1684242442,385
0x20001412,1684242828,386
0x000003f0,1684243021,193
0x20001414,1684243214,193
0x20001416,1684243599,385
0x20001418,1684243984,385
0x2000141a,1684244370,386
0x2000141c,1684244755,385
0x000003f2,1684244948,193
0x2000141e,1684245141,193
0x20001420,1684245526,385
0x20001422,1684245912,386
0x20001424,1684246297,385
0x20001426,1684246683,386
0x000003f4,1684246876,193
0x20001428,1684247069,193
0x2000142a,1684247454,385
0x2000142c,1684247839,385
0x2000142e,1684248224,385
0x20001430,1684248609,385
0x000003f6,1684248837,228
0x20001432,1684249030,193
0x20001434,1684249380,350
0x20001436,1684249766,386
0x20001438,1684250151,385
0x2000143a,1684250537,386
0x000003f8,1684250806,269
0x2000143c,1684250999,193
0x2000143e,1684251308,309
0x20001440,1684251693,385
0x20001442,1684252079,386
0x20001444,1684252464,385
0x000003fa,1684252775,311
0x20001446,1684252968,193
0x20001448,1684253235,267
0x2000144a,1684253621,386
0x2000144c,1684254006,385
0x2000144e,1684254392,386
0x000003fc,1684254744,352
0x20001450,1684254937,193
0x20001452,1684255163,226
0x20001454,1684255548,385
0x20001456,1684255934,386
0x20001458,1684256319,385
0x2000145a,1684256705,386
0x000003fe,1684256898,193
0x2000145c,1684257091,193
0x2000145e,1684257476,385
0x20001460,1684257861,385
0x20001462,1684258247,386
0x20001464,1684258632,385
0x00000400,1684258825,193
0x20001466,1684259018,193
0x20001468,1684259403,385
0x2000146a,1684259789,386
0x2000146c,1684260174,385
0x2000146e,1684260560,386
0x00000402,1684260753,193
0x20001470,1684260946,193
0x20001472,1684261331,385
0x20001474,1684261716,385
0x20001476,1684262102,386
0x20001478,1684262487,385
0x00000404,1684262680,193
0x2000147a,1684262873,193
0x2000147c,1684263258,385
0x2000147e,1684263644,386
0x20001480,1684264029,385
0x20001482,1684264415,386
0x00000406,1684264608,193
0x20001484,1684264801,193
0x20001486,1684265186,385
0x20001488,1684265571,385
0x2000148a,1684265957,386
0x2000148c,1684266342,385
0x00000408,1684266559,217
0x2000148e,1684266752,193
0x20001490,1684267113,361
0x20001492,1684267499,386
0x20001494,1684267884,385
0x20001496,1684268270,386
0x0000040a,1684268528,258
0x20001498,1684268721,193
0x2000149a,1684269041,320
0x2000149c,1684269426,385
0x2000149e,1684269812,386
0x200014a0,1684270197,385
0x0000040c,1684270497,300
0x200014a2,1684270690,193
0x200014a4,1684270968,278
0x200014a6,1684271354,386
0x200014a8,1684271739,385
0x200014aa,1684272125,386
0x0000040e,1684272466,341
0x200014ac,1684272659,193
0x200014ae,1684272896,237
0x200014b0,1684273281,385
0x200014b2,1684273667,386
0x200014b4,1684274052,385
0x00000410,1684274435,383
0x200014b6,1684274628,193
0x200014b8,1684274823,195
0x200014ba,1684275209,386
0x200014bc,1684275594,385
0x200014be,1684275980,386
0x200014c0,1684276365,385
0x00000412,1684276558,193
0x200014c2,1684276751,193
0x200014c4,1684277136,385
0x200014c6,1684277522,386
0x200014c8,1684277907,385
0x200014ca,1684278293,386
0x00000414,1684278486,193
0x200014cc,1684278679,193
0x200014ce,1684279064,385
0x200014d0,1684279449,385
0x200014d2,1684279835,386
0x200014d4,1684280220,385
0x00000416,1684280413,193
0x200014d6,1684280606,193
0x200014d8,1684280991,385
0x200014d9,1684281377,386
0x200014db,1684281762,385
0x200014dd,1684282148,386
0x00000418,1684282341,193
0x200014df,1684282534,193
0x200014e1,1684282919,385
0x200014e3,1684283304,385
0x200014e5,1684283690,386
0x200014e7,1684284075,385
0x0000041a,1684284280,205
0x200014e9,1684284473,193
0x200014eb,1684284846,373
0x200014ed,1684285232,386
0x200014ef,1684285617,385
0x200014f1,1684286003,386
0x0000041c,1684286249,246
0x200014f3,1684286442,193
0x200014f5,1684286774,332
0x200014f7,1684287159,385
0x200014f9,1684287545,386
0x200014fb,1684287930,385
0x0000041e,1684288218,288
0x200014fd,1684288411,193
0x200014ff,1684288701,290
0x20001501,1684289087,386
0x20001503,1684289472,385
0x20001505,1684289858,386
0x00000420,1684290187,329
0x20001507,1684290380,193
0x20001509,1684290629,249
0x2000150b,1684291014,385
0x2000150d,1684291400,386
0x2000150f,1684291785,385
0x00000422,1684292156,371
0x20001511,1684292349,193
0x20001513,1684292556,207
0x20001515,1684292942,386
0x20001517,1684293327,385
0x20001519,1684293713,386
0x2000151b,1684294098,385
0x00000424,1684294291,193
0x2000151d,1684294484,193
0x2000151f,1684294869,385
0x20001521,1684295255,386
0x20001523,1684295640,385
0x20001525,1684296026,386
0x00000426,1684296219,193
0x20001527,1684296412,193
0x20001529,1684296797,385
0x2000152b,1684297182,385
0x2000152d,1684297568,386
0x2000152f,1684297953,385
0x00000428,1684298146,193
0x20001531,1684298339,193
0x20001533,1684298724,385
0x20001535,1684299110,386
0x20001537,1684299495,385
0x20001539,1684299881,386
0x0000042a,1684300074,193
0x2000153b,1684300267,193
0x2000153d,1684300652,385
0x2000153f,1684301037,385
0x20001541,1684301423,386
0x20001543,1684301808,385
0x0000042c,1684302001,193
0x20001545,1684302194,193
0x20001547,1684302579,385
0x20001549,1684302965,386
0x2000154b,1684303350,385
0x2000154d,1684303736,386
0x0000042e,1684303970,234
0x2000154f,1684304163,193
0x20001551,1684304507,344
0x20001553,1684304892,385
0x20001555,1684305278,386
0x20001557,1684305663,385
0x00000430,1684305939,276
0x20001559,1684306132,193
0x2000155b,1684306434,302
0x2000155d,1684306820,386
0x2000155f,1684307205,385
0x20001561,1684307591,386
0x00000432,1684307908,317
0x20001563,1684308101,193
0x20001565,1684308362,261
0x20001567,1684308747,385
0x20001569,1684309133,386
0x2000156b,1684309518,385
0x00000434,1684309877,359
0x2000156d,1684310070,193
0x2000156f,1684310289,219
0x20001571,1684310675,386
0x20001573,1684311060,385
0x20001575,1684311446,386
0x20001577,1684311831,385
0x00000436,1684312024,193
0x20001579,1684312217,193
0x2000157b,1684312602,385
0x2000157d,1684312988,386
0x2000157f,1684313373,385
0x20001581,1684313759,386
0x00000438,1684313952,193
0x20001583,1684314145,193
0x20001585,1684314530,385
0x20001587,1684314915,385
0x20001589,1684315301,386
0x2000158b,1684315686,385
0x0000043a,1684315879,193
0x2000158d,1684316072,193
0x2000158f,1684316457,385
0x20001591,1684316843,386
0x20001593,1684317228,385
0x20001595,1684317614,386
0x0000043c,1684317807,193
0x20001597,1684318000,193
0x20001599,1684318385,385
0x2000159b,1684318770,385
0x2000159d,1684319156,386
0x2000159f,1684319541,385
0x0000043e,1684319734,193
0x200015a1,1684319927,193
0x200015a3,1684320312,385
0x200015a5,1684320698,386
0x200015a7,1684321083,385
0x200015a9,1684321469,386
0x00000440,1684321691,222
0x200015ab,1684321884,193
0x200015ad,1684322240,356
0x200015af,1684322625,385
0x200015b1,1684323011,386
0x200015b3,1684323396,385
0x00000442,1684323660,264
0x200015b5,1684323853,193
0x200015b7,1684324167,314
0x200015b9,1684324553,386
0x200015bb,1684324938,385
0x200015bd,1684325324,386
0x00000444,1684325629,305
0x200015bf,1684325822,193
0x200015c1,1684326095,273
0x200015c3,1684326480,385
0x200015c5,1684326866,386
0x200015c7,1684327251,385
0x00000446,1684327598,347
0x200015c9,1684327791,193
0x200015cb,1684328022,231
0x200015cd,1684328408,386
0x200015cf,1684328793,385
0x200015d1,1684329179,386
0x200015d3,1684329564,385
0x00000448,1684329757,193
0x200015d5,1684329950,193
0x200015d7,1684330335,385
0x200015d9,1684330721,386
0x200015db,1684331106,385
0x200015dd,1684331492,386
0x0000044a,1684331685,193
0x200015df,1684331878,193
0x200015e1,1684332263,385
0x200015e3,1684332648,385
0x200015e5,1684333034,386
0x200015e7,1684333419,385
0x0000044c,1684333612,193
0x200015e9,1684333805,193
0x200015eb,1684334190,385
0x200015ed,1684334576,386
0x200015ef,1684334961,385
0x200015f1,1684335347,386
0x0000044e,1684335540,193
0x200015f3,1684335733,193
0x200015f5,1684336118,385
0x200015f7,1684336503,385
0x200015f9,1684336889,386
0x200015fb,1684337274,385
0x00000450,1684337467,193
0x200015fd,1684337660,193
0x200015ff,1684338045,385
0x20001601,1684338431,386
0x20001603,1684338816,385
0x20001605,1684339202,386
0x00000452,1684339412,210
0x20001607,1684339605,193
0x20001609,1684339973,368
0x2000160b,1684340358,385
0x2000160d,1684340744,386
0x2000160f,1684341129,385
0x00000454,1684341381,252
0x20001611,1684341574,193
0x20001613,1684341900,326
0x20001615,1684342286,386
0x20001617,1684342671,385
0x20001619,1684343057,386
0x00000456,1684343350,293
0x2000161b,1684343543,193
0x2000161d,1684343828,285
0x2000161f,1684344213,385
0x20001621,1684344599,386
0x20001623,1684344984,385
0x00000458,1684345319,335
0x20001625,1684345512,193
0x20001627,1684345755,243
0x20001629,1684346141,386
0x2000162b,1684346526,385
0x2000162d,1684346912,386
0x0000045a,1684347288,376
0x2000162f,1684347481,193
0x20001631,1684347683,202
0x20001633,1684348068,385
0x20001635,1684348454,386
0x20001637,1684348839,385
0x20001639,1684349225,386
0x0000045c,1684349418,193
0x2000163b,1684349611,193
0x2000163d,1684349996,385
0x2000163f,1684350381,385
0x20001641,1684350767,386
0x20001643,1684351152,385
0x0000045e,1684351345,193
0x20001645,1684351538,193
0x20001647,1684351923,385
0x20001649,1684352309,386
0x2000164b,1684352694,385
0x2000164d,1684353080,386
0x00000460,1684353273,193
0x2000164f,1684353466,193
0x20001651,1684353851,385
0x20001653,1684354236,385
0x20001655,1684354622,386
0x20001657,1684355007,385
0x00000462,1684355200,193
0x20001659,1684355393,193
0x2000165b,1684355778,385
0x2000165d,1684356164,386
0x2000165f,1684356549,385
0x20001661,1684356935,386
0x00000464,1684357133,198
0x20001663,1684357326,193
0x20001665,1684357706,380
0x20001667,1684358091,385
0x20001669,1684358477,386
0x2000166b,1684358862,385
0x00000466,1684359102,240
0x2000166d,1684359295,193
0x2000166f,1684359633,338
0x20001671,1684360019,386
0x20001673,1684360404,385
0x20001675,1684360790,386
0x00000468,1684361071,281
0x20001677,1684361264,193
0x20001679,1684361561,297
0x2000167b,1684361946,385
0x2000167d,1684362332,386
0x2000167f,1684362717,385
0x0000046a,1684363040,323
0x20001681,1684363233,193
0x20001683,1684363488,255
0x20001685,1684363874,386
0x20001687,1684364259,385
0x20001689,1684364645,386
0x0000046c,1684365009,364
0x2000168b,1684365202,193
0x2000168d,1684365416,214
0x2000168f,1684365801,385
0x20001691,1684366187,386
0x20001693,1684366572,385
0x20001695,1684366958,386
0x0000046e,1684367151,193
0x20001697,1684367344,193
0x20001699,1684367729,385
0x2000169b,1684368114,385
0x2000169d,1684368500,386
0x2000169f,1684368885,385
0x00000470,1684369078,193
0x200016a1,1684369271,193
0x200016a3,1684369656,385
0x200016a5,1684370042,386
0x200016a7,1684370427,385
0x200016a9,1684370813,386
0x00000472,1684371006,193
0x200016ab,1684371199,193
0x200016ad,1684371584,385
0x200016af,1684371969,385
0x200016b1,1684372355,386
0x200016b3,1684372740,385
0x00000474,1684372933,193
0x200016b5,1684373126,193
0x200016b7,1684373511,385
0x200016b9,1684373897,386
0x200016bb,1684374282,385
0x200016bd,1684374668,386
0x00000476,1684374861,193
0x200016bf,1684375054,193
0x200016c1,1684375439,385
0x200016c3,1684375824,385
0x200016c5,1684376210,386
0x200016c7,1684376595,385
0x00000478,1684376823,228
0x200016c9,1684377016,193
0x200016cb,1684377366,350
0x200016cd,1684377752,386
0x200016cf,1684378137,385
0x200016d1,1684378523,386
0x0000047a,1684378792,269
0x200016d3,1684378985,193
0x200016d5,1684379294,309
0x200016d7,1684379679,385
0x200016d9,1684380065,386
0x200016db,1684380450,385
0x0000047c,1684380761,311
0x200016dd,1684380954,193
0x200016df,1684381221,267
0x200016e1,1684381607,386
0x200016e3,1684381992,385
0x200016e5,1684382378,386
0x0000047e,1684382730,352
0x200016e7,1684382923,193
0x200016e9,1684383149,226
0x200016eb,1684383534,385
0x200016ed,1684383920,386
0x200016ef,1684384305,385
0x200016f1,1684384691,386
0x00000480,1684384884,193
0x200016f3,1684385077,193
0x200016f5,1684385462,385
0x200016f7,1684385847,385
0x200016f9,1684386233,386
0x200016fb,1684386618,385
0x00000482,1684386811,193
0x200016fd,1684387004,193
0x200016ff,1684387389,385
0x20001701,1684387775,386
0x20001703,1684388160,385
0x20001705,1684388546,386
0x00000484,1684388739,193
0x20001707,1684388932,193
0x20001709,1684389317,385
0x2000170b,1684389702,385
0x2000170d,1684390088,386
0x2000170f,1684390473,385
0x00000486,1684390666,193
0x20001711,1684390859,193
0x20001713,1684391244,385
0x20001715,1684391630,386
0x20001717,1684392015,385
0x20001719,1684392401,386
0x00000488,1684392594,193
0x2000171b,1684392787,193
0x2000171d,1684393172,385
0x2000171f,1684393557,385
0x20001721,1684393943,386
0x20001723,1684394328,385
0x0000048a,1684394544,216
0x20001725,1684394737,193
0x20001727,1684395099,362
0x20001729,1684395485,386
0x2000172b,1684395870,385
0x2000172d,1684396256,386
0x0000048c,1684396513,257
0x2000172f,1684396706,193
0x20001731,1684397027,321
0x20001733,1684397412,385
0x20001735,1684397798,386
0x20001737,1684398183,385
0x0000048e,1684398482,299
0x20001739,1684398675,193
0x2000173b,1684398954,279
0x2000173d,1684399340,386
0x2000173f,1684399725,385
0x20001741,1684400111,386
0x00000490,1684400451,340
0x20001743,1684400644,193
0x20001745,1684400882,238
0x20001747,1684401267,385
0x20001749,1684401653,386
0x2000174b,1684402038,385
0x00000492,1684402420,382
0x2000174d,1684402613,193
0x2000174f,1684402809,196
0x20001751,1684403195,386
0x20001753,1684403580,385
0x20001755,1684403966,386
0x20001757,1684404351,385
0x00000494,1684404544,193
0x20001759,1684404737,193
0x2000175b,1684405122,385
0x2000175d,1684405508,386
0x2000175f,1684405893,385
0x20001761,1684406279,386
0x00000496,1684406472,193
0x20001763,1684406665,193
0x20001765,1684407050,385
0x20001767,1684407435,385
0x20001769,1684407821,386
0x2000176b,1684408206,385
0x00000498,1684408399,193
0x2000176d,1684408592,193
0x2000176f,1684408977,385
0x20001771,1684409363,386
0x20001773,1684409748,385
0x20001775,1684410134,386
0x0000049a,1684410327,193
0x20001777,1684410520,193
0x20001779,1684410905,385
0x2000177b,1684411290,385
0x2000177d,1684411676,386
0x2000177f,1684412061,385
0x0000049c,1684412265,204
0x20001781,1684412458,193
0x20001783,1684412832,374
0x20001785,1684413218,386
0x20001787,1684413603,385
0x20001789,1684413989,386
0x0000049e,1684414234,245
0x2000178b,1684414427,193
0x2000178d,1684414760,333
0x2000178f,1684415145,385
0x20001791,1684415531,386
0x20001793,1684415916,385
0x000004a0,1684416203,287
0x20001795,1684416396,193
0x20001797,1684416687,291
0x20001799,1684417073,386
0x2000179b,1684417458,385
0x2000179d,1684417844,386
0x000004a2,1684418172,328
0x2000179f,1684418365,193
0x200017a1,1684418615,250
0x200017a3,1684419000,385
0x200017a5,1684419386,386
0x200017a7,1684419771,385
0x000004a4,1684420141,370
0x200017a9,1684420334,193
0x200017ab,1684420542,208
0x200017ad,1684420928,386
0x200017af,1684421313,385
0x200017b1,1684421699,386
0x200017b3,1684422084,385
0x000004a6,1684422277,193
0x200017b5,1684422470,193
0x200017b7,1684422855,385
0x200017b9,1684423241,386
0x200017bb,1684423626,385
0x200017bd,1684424012,386
0x000004a8,1684424205,193
0x200017bf,1684424398,193
0x200017c1,1684424783,385
0x200017c3,1684425168,385
0x200017c5,1684425554,386
0x200017c7,1684425939,385
0x000004aa,1684426132,193
0x200017c9,1684426325,193
0x200017cb,1684426710,385
0x200017cd,1684427096,386
0x200017cf,1684427481,385
0x200017d1,1684427867,386
0x000004ac,1684428060,193
0x200017d3,1684428253,193
0x200017d5,1684428638,385
0x200017d7,1684429023,385
0x200017d9,1684429409,386
0x200017db,1684429794,385
0x000004ae,1684429987,193
0x200017dc,1684430180,193
0x200017de,1684430565,385
0x200017e0,1684430951,386
0x200017e2,1684431336,385
0x200017e4,1684431722,386
0x000004b0,1684431955,233
0x200017e6,1684432148,193
0x200017e8,1684432493,345
0x200017ea,1684432878,385
0x200017ec,1684433264,386
0x200017ee,1684433649,385
0x000004b2,1684433924,275
0x200017f0,1684434117,193
0x200017f2,1684434420,303
0x200017f4,1684434806,386
0x200017f6,1684435191,385
0x200017f8,1684435577,386
0x000004b4,1684435893,316
0x200017fa,1684436086,193
0x200017fc,1684436348,262
0x200017fe,1684436733,385
0x20001800,1684437119,386
0x20001802,1684437504,385
0x000004b6,1684437862,358
0x20001804,1684438055,193
0x20001806,1684438275,220
0x20001808,1684438661,386
0x2000180a,1684439046,385
0x2000180c,1684439432,386
0x2000180e,1684439817,385
0x000004b8,1684440010,193
0x20001810,1684440203,193
0x20001812,1684440588,385
0x20001814,1684440974,386
0x20001816,1684441359,385
0x20001818,1684441745,386
0x000004ba,1684441938,193
0x2000181a,1684442131,193
0x2000181c,1684442516,385
0x2000181e,1684442901,385
0x20001820,1684443287,386
0x20001822,1684443672,385
0x000004bc,1684443865,193
0x20001824,1684444058,193
0x20001826,1684444443,385
0x20001828,1684444829,386
0x2000182a,1684445214,385
0x2000182c,1684445600,386
0x000004be,1684445793,193
0x2000182e,1684445986,193
0x20001830,1684446371,385
0x20001832,1684446756,385
0x20001834,1684447142,386
0x20001836,1684447527,385
0x000004c0,1684447720,193
0x20001838,1684447913,193
0x2000183a,1684448298,385
0x2000183c,1684448684,386
0x2000183e,1684449069,385
0x20001840,1684449455,386
0x000004c2,1684449676,221
0x20001842,1684449869,193
0x20001844,1684450226,357
0x20001846,1684450611,385
0x20001848,1684450997,386
0x2000184a,1684451382,385
0x000004c4,1684451645,263
0x2000184c,1684451838,193
0x2000184e,1684452153,315
0x20001850,1684452539,386
0x20001852,1684452924,385
0x20001854,1684453310,386
0x000004c6,1684453614,304
0x20001856,1684453807,193
0x20001858,1684454081,274
0x2000185a,1684454466,385
0x2000185c,1684454852,386
0x2000185e,1684455237,385
0x000004c8,1684455583,346
0x20001860,1684455776,193
0x20001862,1684456008,232
0x20001864,1684456394,386
0x20001866,1684456779,385
0x20001868,1684457165,386
0x2000186a,1684457550,385
0x000004ca,1684457743,193
0x2000186c,1684457936,193
0x2000186e,1684458321,385
0x20001870,1684458707,386
0x20001872,1684459092,385
0x20001874,1684459478,386
0x000004cc,1684459671,193
0x20001876,1684459864,193
0x20001878,1684460249,385
0x2000187a,1684460634,385
0x2000187c,1684461020,386
0x2000187e,1684461405,385
0x000004ce,1684461598,193
0x20001880,1684461791,193
0x20001882,1684462176,385
0x20001884,1684462562,386
0x20001886,1684462947,385
0x20001888,1684463333,386
0x000004d0,1684463526,193
0x2000188a,1684463719,193
0x2000188c,1684464104,385
0x2000188e,1684464489,385
0x20001890,1684464875,386
0x20001892,1684465260,385
0x000004d2,1684465453,193
0x20001894,1684465646,193
0x20001896,1684466031,385
0x20001898,1684466417,386
0x2000189a,1684466802,385
0x2000189c,1684467188,386
0x000004d4,1684467397,209
0x2000189e,1684467590,193
0x200018a0,1684467959,369
0x200018a2,1684468344,385
0x200018a4,1684468730,386
0x200018a6,1684469115,385
0x000004d6,1684469366,251
0x200018a8,1684469559,193
0x200018aa,1684469886,327
0x200018ac,1684470272,386
0x200018ae,1684470657,385
0x200018b0,1684471043,386
0x000004d8,1684471335,292
0x200018b2,1684471528,193
0x200018b4,1684471814,286
0x200018b6,1684472199,385
0x200018b8,1684472585,386
0x200018ba,1684472970,385
0x000004da,1684473304,334
0x200018bc,1684473497,193
0x200018be,1684473741,244
0x200018c0,1684474127,386
0x200018c2,1684474512,385
0x200018c4,1684474898,386
0x000004dc,1684475273,375
0x200018c6,1684475466,193
0x200018c8,1684475669,203
0x200018ca,1684476054,385
0x200018cc,1684476440,386
0x200018ce,1684476825,385
0x200018d0,1684477211,386
0x000004de,1684477404,193
0x200018d2,1684477597,193
0x200018d4,1684477982,385
0x200018d6,1684478367,385
0x200018d8,1684478753,386
0x200018da,1684479137,384
0x000004e0,1684479330,193
0x200018dc,1684479523,193
0x200018de,1684479908,385
0x200018e0,1684480294,386
0x200018e2,1684480679,385
0x200018e4,1684481065,386
0x000004e2,1684481258,193
0x200018e6,1684481451,193
0x200018e8,1684481836,385
0x200018ea,1684482221,385
0x200018ec,1684482607,386
0x200018ee,1684482992,385
0x000004e4,1684483185,193
0x200018f0,1684483378,193
0x200018f2,1684483763,385
0x200018f4,1684484149,386
0x200018f6,1684484534,385
0x200018f8,1684484920,386
0x000004e6,1684485117,197
0x200018fa,1684485310,193
0x200018fc,1684485691,381
0x200018fe,1684486076,385
0x20001900,1684486462,386
0x20001902,1684486847,385
0x000004e8,1684487086,239
0x20001904,1684487279,193
0x20001906,1684487618,339
0x20001908,1684488004,386
0x2000190a,1684488389,385
0x2000190c,1684488775,386
0x000004ea,1684489055,280
0x2000190e,1684489248,193
0x20001910,1684489546,298
0x20001912,1684489931,385
0x20001914,1684490317,386
0x20001916,1684490702,385
0x000004ec,1684491024,322
0x20001918,1684491217,193
0x2000191a,1684491473,256
0x2000191c,1684491859,386
0x2000191e,1684492244,385
0x20001920,1684492630,386
0x000004ee,1684492993,363
0x20001922,1684493186,193
0x20001924,1684493401,215
0x20001926,1684493786,385
0x20001928,1684494172,386
0x2000192a,1684494557,385
0x2000192c,1684494943,386
0x000004f0,1684495136,193
0x2000192e,1684495329,193
0x20001930,1684495714,385
0x20001932,1684496099,385
0x20001934,1684496485,386
0x20001936,1684496870,385
0x000004f2,1684497063,193
0x20001938,1684497256,193
0x2000193a,1684497641,385
0x2000193c,1684498027,386
0x2000193e,1684498412,385
0x20001940,1684498798,386
0x000004f4,1684498991,193
0x20001942,1684499184,193
0x20001944,1684499569,385
0x20001946,1684499954,385
0x20001948,1684500340,386
0x2000194a,1684500725,385
0x000004f6,1684500918,193
0x2000194c,1684501111,193
0x2000194e,1684501496,385
0x20001950,1684501882,386
0x20001952,1684502267,385
0x20001954,1684502653,386
0x000004f8,1684502846,193
0x20001956,1684503039,193
0x20001958,1684503424,385
0x2000195a,1684503809,385
0x2000195c,1684504195,386
0x2000195e,1684504580,385
0x000004fa,1684504808,228
0x20001960,1684505001,193
0x20001962,1684505351,350
0x20001964,1684505737,386
0x20001966,1684506122,385
0x20001968,1684506508,386
0x000004fc,1684506777,269
0x2000196a,1684506970,193
0x2000196c,1684507279,309
0x2000196e,1684507664,385
0x20001970,1684508050,386
0x20001972,1684508435,385
0x000004fe,1684508746,311
0x20001974,1684508939,193
0x20001976,1684509206,267
0x20001978,1684509592,386
0x2000197a,1684509977,385
0x2000197c,1684510363,386
0x00000500,1684510715,352
0x2000197e,1684510908,193
0x20001980,1684511134,226
0x20001982,1684511519,385
0x20001984,1684511905,386
0x20001986,1684512290,385
0x20001988,1684512676,386
0x00000502,1684512869,193
0x2000198a,1684513062,193
0x2000198c,1684513447,385
0x2000198e,1684513832,385
0x20001990,1684514218,386
0x20001992,1684514603,385
0x00000504,1684514796,193
0x20001994,1684514989,193
0x20001996,1684515374,385
0x20001998,1684515760,386
0x2000199a,1684516145,385
0x2000199c,1684516531,386
0x00000506,1684516724,193
0x2000199e,1684516917,193
0x200019a0,1684517302,385
0x200019a2,1684517687,385
0x200019a4,1684518073,386
0x200019a6,1684518458,385
0x00000508,1684518651,193
0x200019a8,1684518844,193
0x200019aa,1684519229,385
0x200019ac,1684519615,386
0x200019ae,1684520000,385
0x200019b0,1684520386,386
0x0000050a,1684520579,193
0x200019b2,1684520772,193
0x200019b4,1684521157,385
0x200019b6,1684521542,385
0x200019b8,1684521928,386
0x200019ba,1684522313,385
0x0000050c,1684522529,216
0x200019bc,1684522722,193
0x200019be,1684523084,362
0x200019c0,1684523470,386
0x200019c2,1684523855,385
0x200019c4,1684524241,386
0x0000050e,1684524498,257
0x200019c6,1684524691,193
0x200019c8,1684525012,321
0x200019ca,1684525397,385
0x200019cc,1684525783,386
0x200019ce,1684526168,385
0x00000510,1684526467,299
0x200019d0,1684526660,193
0x200019d2,1684526939,279
0x200019d4,1684527325,386
0x200019d6,1684527710,385
0x200019d8,1684528096,386
0x00000512,1684528436,340
0x200019da,1684528629,193
0x200019dc,1684528867,238
0x200019de,1684529252,385
0x200019e0,1684529638,386
0x200019e2,1684530023,385
0x00000514,1684530405,382
0x200019e4,1684530598,193
0x200019e6,1684530794,196
0x200019e8,1684531180,386
0x200019ea,1684531565,385
0x200019ec,1684531951,386
0x200019ee,1684532336,385
0x00000516,1684532529,193
0x200019f0,1684532722,193
0x200019f2,1684533107,385
0x200019f4,1684533493,386
0x200019f6,1684533878,385
0x200019f8,1684534264,386
0x00000518,1684534457,193
0x200019fa,1684534650,193
0x200019fc,1684535035,385
0x200019fe,1684535420,385
0x20001a00,1684535806,386
0x20001a02,1684536191,385
0x0000051a,1684536384,193
0x20001a04,1684536577,193
0x20001a06,1684536962,385
0x20001a08,1684537348,386
0x20001a0a,1684537733,385
0x20001a0c,1684538119,386
0x0000051c,1684538312,193
0x20001a0e,1684538505,193
0x20001a10,1684538890,385
0x20001a12,1684539275,385
0x20001a14,1684539661,386
0x20001a16,1684540046,385
0x0000051e,1684540250,204
0x20001a18,1684540443,193
0x20001a1a,1684540817,374
0x20001a1c,1684541203,386
0x20001a1e,1684541588,385
0x20001a20,1684541974,386
0x00000520,1684542219,245
0x20001a22,1684542412,193
0x20001a24,1684542745,333
0x20001a26,1684543130,385
0x20001a28,1684543516,386
0x20001a2a,1684543901,385
0x00000522,1684544188,287
0x20001a2c,1684544381,193
0x20001a2e,1684544672,291
0x20001a30,1684545058,386
0x20001a32,1684545443,385
0x20001a34,1684545829,386
0x00000524,1684546157,328
0x20001a36,1684546350,193
0x20001a38,1684546600,250
0x20001a3a,1684546985,385
0x20001a3c,1684547371,386
0x20001a3e,1684547756,385
0x00000526,1684548126,370
0x20001a40,1684548319,193
0x20001a42,1684548527,208
0x20001a44,1684548913,386
0x20001a46,1684549298,385
0x20001a48,1684549684,386
0x20001a4a,1684550069,385
0x00000528,1684550262,193
0x20001a4c,1684550455,193
0x20001a4e,1684550840,385
0x20001a50,1684551226,386
0x20001a52,1684551611,385
0x20001a54,1684551997,386
0x0000052a,1684552190,193
0x20001a56,1684552383,193
0x20001a58,1684552768,385
0x20001a5a,1684553153,385
0x20001a5c,1684553539,386
0x20001a5e,1684553924,385
0x0000052c,1684554117,193
0x20001a60,1684554310,193
0x20001a62,1684554695,385
0x20001a64,1684555081,386
0x20001a66,1684555466,385
0x20001a68,1684555852,386
0x0000052e,1684556045,193
0x20001a6a,1684556238,193
0x20001a6c,1684556623,385
0x20001a6e,1684557008,385
0x20001a70,1684557394,386
0x20001a72,1684557779,385
0x00000530,1684557972,193
0x20001a74,1684558165,193
0x20001a76,1684558550,385
0x20001a78,1684558936,386
0x20001a7a,1684559321,385
0x20001a7c,1684559707,386
0x00000532,1684559940,233
0x20001a7e,1684560133,193
0x20001a80,1684560478,345
0x20001a82,1684560863,385
0x20001a84,1684561249,386
0x20001a86,1684561634,385
0x00000534,1684561909,275
0x20001a88,1684562102,193
0x20001a8a,1684562405,303
0x20001a8c,1684562791,386
0x20001a8e,1684563176,385
0x20001a90,1684563562,386
0x00000536,1684563878,316
0x20001a92,1684564071,193
0x20001a94,1684564333,262
0x20001a96,1684564718,385
0x20001a98,1684565104,386
0x20001a9a,1684565489,385
0x00000538,1684565847,358
0x20001a9c,1684566040,193
0x20001a9e,1684566260,220
0x20001aa0,1684566646,386
0x20001aa2,1684567031,385
0x20001aa4,1684567417,386
0x20001aa6,1684567802,385
0x0000053a,1684567995,193
0x20001aa8,1684568188,193
0x20001aaa,1684568573,385
0x20001aac,1684568959,386
0x20001aae,1684569344,385
0x20001ab0,1684569730,386
0x0000053c,1684569923,193
0x20001ab2,1684570116,193
0x20001ab4,1684570501,385
0x20001ab6,1684570886,385
0x20001ab8,1684571272,386
0x20001aba,1684571657,385
0x0000053e,1684571850,193
0x20001abc,1684572043,193
0x20001abe,1684572428,385
0x20001ac0,1684572814,386
0x20001ac2,1684573199,385
0x20001ac4,1684573585,386
0x00000540,1684573778,193
0x20001ac6,1684573971,193
0x20001ac8,1684574356,385
0x20001aca,1684574741,385
0x20001acc,1684575127,386
0x20001ace,1684575512,385
0x00000542,1684575705,193
0x20001ad0,1684575898,193
0x20001ad2,1684576283,385
0x20001ad4,1684576669,386
0x20001ad6,1684577054,385
0x20001ad8,1684577440,386
0x00000544,1684577661,221
0x20001ada,1684577854,193
0x20001adb,1684578211,357
0x20001add,1684578596,385
0x20001adf,1684578982,386
0x20001ae1,1684579367,385
0x00000546,1684579630,263
0x20001ae3,1684579823,193
0x20001ae5,1684580138,315
0x20001ae7,1684580524,386
0x20001ae9,1684580909,385
0x20001aeb,1684581295,386
0x00000548,1684581599,304
0x20001aed,1684581792,193
0x20001aef,1684582066,274
0x20001af1,1684582451,385
0x20001af3,1684582837,386
0x20001af5,1684583222,385
0x0000054a,1684583568,346
0x20001af7,1684583761,193
0x20001af9,1684583993,232
0x20001afb,1684584379,386
0x20001afd,1684584764,385
0x20001aff,1684585150,386
0x20001b01,1684585535,385
0x0000054c,1684585728,193
0x20001b03,1684585921,193
0x20001b05,1684586306,385
0x20001b07,1684586692,386
0x20001b09,1684587077,385
0x20001b0b,1684587463,386
0x0000054e,1684587656,193
0x20001b0d,1684587849,193
0x20001b0f,1684588234,385
0x20001b11,1684588619,385
0x20001b13,1684589005,386
0x20001b15,1684589390,385
0x00000550,1684589583,193
0x20001b17,1684589776,193
0x20001b19,1684590161,385
0x20001b1b,1684590547,386
0x20001b1d,1684590932,385
0x20001b1f,1684591318,386
0x00000552,1684591511,193
0x20001b21,1684591704,193
0x20001b23,1684592089,385
0x20001b25,1684592474,385
0x20001b27,1684592860,386
0x20001b29,1684593245,385
0x00000554,1684593438,193
0x20001b2b,1684593631,193
0x20001b2d,1684594016,385
0x20001b2f,1684594402,386
0x20001b31,1684594787,385
0x20001b33,1684595173,386
0x00000556,1684595382,209
0x20001b35,1684595575,193
0x20001b37,1684595944,369
0x20001b39,1684596329,385
0x20001b3b,1684596715,386
0x20001b3d,1684597100,385
0x00000558,1684597351,251
0x20001b3f,1684597544,193
0x20001b41,1684597871,327
0x20001b43,1684598257,386
0x20001b45,1684598642,385
0x20001b47,1684599028,386
0x0000055a,1684599320,292
0x20001b49,1684599513,193
0x20001b4b,1684599799,286
0x20001b4d,1684600184,385
0x20001b4f,1684600570,386
0x20001b51,1684600955,385
0x0000055c,1684601289,334
0x20001b53,1684601482,193
0x20001b55,1684601726,244
0x20001b57,1684602112,386
0x20001b59,1684602497,385
0x20001b5b,1684602883,386
0x0000055e,1684603258,375
0x20001b5d,1684603451,193
0x20001b5f,1684603654,203
0x20001b61,1684604039,385
0x20001b63,1684604425,386
0x20001b65,1684604810,385
0x20001b67,1684605196,386
0x00000560,1684605389,193
0x20001b69,1684605582,193
0x20001b6b,1684605967,385
0x20001b6d,1684606352,385
0x20001b6f,1684606738,386
0x20001b71,1684607123,385
0x00000562,1684607316,193
0x20001b73,1684607509,193
0x20001b75,1684607894,385
0x20001b77,1684608280,386
0x20001b79,1684608665,385
0x20001b7b,1684609051,386
0x00000564,1684609244,193
0x20001b7d,1684609437,193
0x20001b7f,1684609822,385
0x20001b81,1684610207,385
0x20001b83,1684610593,386
0x20001b85,1684610978,385
0x00000566,1684611171,193
0x20001b87,1684611364,193
0x20001b89,1684611749,385
0x20001b8b,1684612135,386
0x20001b8d,1684612520,385
0x20001b8f,1684612906,386
0x00000568,1684613103,197
0x20001b91,1684613296,193
0x20001b93,1684613677,381
0x20001b95,1684614062,385
0x20001b97,1684614448,386
0x20001b99,1684614833,385
0x0000056a,1684615072,239
0x20001b9b,1684615265,193
0x20001b9d,1684615604,339
0x20001b9f,1684615990,386
0x20001ba1,1684616375,385
0x20001ba3,1684616761,386
0x0000056c,1684617041,280
0x20001ba5,1684617234,193
0x20001ba7,1684617532,298
0x20001ba9,1684617917,385
0x20001bab,1684618303,386
0x20001bad,1684618688,385
0x0000056e,1684619010,322
0x20001baf,1684619203,193
0x20001bb1,1684619459,256
0x20001bb3,1684619845,386
0x20001bb5,1684620230,385
0x20001bb7,1684620616,386
0x00000570,1684620979,363
0x20001bb9,1684621172,193
0x20001bbb,1684621387,215
0x20001bbd,1684621772,385
0x20001bbf,1684622158,386
0x20001bc1,1684622543,385
0x20001bc3,1684622929,386
0x00000572,1684623122,193
0x20001bc5,1684623315,193
0x20001bc7,1684623700,385
0x20001bc9,1684624085,385
0x20001bcb,1684624471,386
0x20001bcd,1684624856,385
0x00000574,1684625049,193
0x20001bcf,1684625242,193
0x20001bd1,1684625627,385
0x20001bd3,1684626013,386
0x20001bd5,1684626398,385
0x20001bd7,1684626784,386
0x00000576,1684626977,193
0x20001bd9,1684627170,193
0x20001bdb,1684627555,385
0x20001bdd,1684627940,385
0x20001bdf,1684628326,386
0x20001be1,1684628711,385
0x00000578,1684628904,193
0x20001be3,1684629097,193
0x20001be5,1684629482,385
0x20001be7,1684629868,386
0x20001be9,1684630253,385
0x20001beb,1684630639,386
0x0000057a,1684630832,193
0x20001bed,1684631025,193
0x20001bef,1684631410,385
0x20001bf1,1684631795,385
0x20001bf3,1684632181,386
0x20001bf5,1684632566,385
0x0000057c,1684632793,227
0x20001bf7,1684632986,193
0x20001bf9,1684633337,351
0x20001bfb,1684633723,386
0x20001bfd,1684634108,385
0x20001bff,1684634494,386
0x0000057e,1684634762,268
0x20001c01,1684634955,193
0x20001c03,1684635265,310
0x20001c05,1684635650,385
0x20001c07,1684636036,386
0x20001c09,1684636421,385
0x00000580,1684636731,310
0x20001c0b,1684636924,193
0x20001c0d,1684637192,268
0x20001c0f,1684637578,386
0x20001c11,1684637963,385
0x20001c13,1684638349,386
0x00000582,1684638700,351
0x20001c15,1684638893,193
0x20001c17,1684639120,227
0x20001c19,1684639505,385
0x20001c1b,1684639891,386
0x20001c1d,1684640276,385
0x20001c1f,1684640662,386
0x00000584,1684640855,193
0x20001c21,1684641048,193
0x20001c23,1684641433,385
0x20001c25,1684641818,385
0x20001c27,1684642204,386
0x20001c29,1684642589,385
0x00000586,1684642782,193
0x20001c2b,1684642975,193
0x20001c2d,1684643360,385
0x20001c2f,1684643746,386
0x20001c31,1684644131,385
0x20001c33,1684644517,386
0x00000588,1684644710,193
0x20001c35,1684644903,193
0x20001c37,1684645288,385
0x20001c39,1684645673,385
0x20001c3b,1684646059,386
0x20001c3d,1684646444,385
0x0000058a,1684646637,193
0x20001c3f,1684646830,193
0x20001c41,1684647215,385
0x20001c43,1684647601,386
0x20001c45,1684647986,385
0x20001c47,1684648372,386
0x0000058c,1684648565,193
0x20001c49,1684648758,193
0x20001c4b,1684649143,385
0x20001c4d,1684649528,385
0x20001c4f,1684649914,386
0x20001c51,1684650299,385
0x0000058e,1684650514,215
0x20001c53,1684650707,193
0x20001c55,1684651070,363
0x20001c57,1684651456,386
0x20001c59,1684651841,385
0x20001c5b,1684652227,386
0x00000590,1684652483,256
0x20001c5d,1684652676,193
0x20001c5f,1684652998,322
0x20001c61,1684653383,385
0x20001c63,1684653769,386
0x20001c65,1684654154,385
0x00000592,1684654452,298
0x20001c67,1684654645,193
0x20001c69,1684654925,280
0x20001c6b,1684655311,386
0x20001c6d,1684655696,385
0x20001c6f,1684656082,386
0x00000594,1684656421,339
0x20001c71,1684656614,193
0x20001c73,1684656853,239
0x20001c75,1684657238,385
0x20001c77,1684657624,386
0x20001c79,1684658009,385
0x00000596,1684658390,381
0x20001c7b,1684658583,193
0x20001c7d,1684658780,197
0x20001c7f,1684659166,386
0x20001c81,1684659551,385
0x20001c83,1684659937,386
0x20001c85,1684660322,385
0x00000598,1684660515,193
0x20001c87,1684660708,193
0x20001c89,1684661093,385
0x20001c8b,1684661479,386
0x20001c8d,1684661864,385
0x20001c8f,1684662250,386
0x0000059a,1684662443,193
0x20001c91,1684662636,193
0x20001c93,1684663021,385
0x20001c95,1684663406,385
0x20001c97,1684663792,386
0x20001c99,1684664177,385
0x0000059c,1684664370,193
0x20001c9b,1684664563,193
0x20001c9d,1684664948,385
0x20001c9f,1684665334,386
0x20001ca1,1684665719,385
0x20001ca3,1684666105,386
0x0000059e,1684666298,193
0x20001ca5,1684666491,193
0x20001ca7,1684666876,385
0x20001ca9,1684667261,385
0x20001cab,1684667647,386
0x20001cad,1684668032,385
0x000005a0,1684668235,203
0x20001caf,1684668428,193
0x20001cb1,1684668803,375
0x20001cb3,1684669189,386
0x20001cb5,1684669574,385
0x20001cb7,1684669960,386
0x000005a2,1684670204,244
0x20001cb9,1684670397,193
0x20001cbb,1684670731,334
0x20001cbd,1684671116,385
0x20001cbf,1684671502,386
0x20001cc1,1684671887,385
0x000005a4,1684672173,286
0x20001cc3,1684672366,193
0x20001cc5,1684672658,292
0x20001cc7,1684673044,386
0x20001cc9,1684673429,385
0x20001ccb,1684673815,386
0x000005a6,1684674142,327
0x20001ccd,1684674335,193
0x20001ccf,1684674586,251
0x20001cd1,1684674971,385
0x20001cd3,1684675357,386
0x20001cd5,1684675742,385
0x000005a8,1684676111,369
0x20001cd7,1684676304,193
0x20001cd9,1684676513,209
0x20001cdb,1684676899,386
0x20001cdd,1684677284,385
0x20001cdf,1684677670,386
0x20001ce1,1684678055,385
0x000005aa,1684678248,193
0x20001ce3,1684678441,193
0x20001ce5,1684678826,385
0x20001ce7,1684679212,386
0x20001ce9,1684679597,385
0x20001ceb,1684679983,386
0x000005ac,1684680176,193
0x20001ced,1684680369,193
0x20001cef,1684680754,385
0x20001cf1,1684681139,385
0x20001cf3,1684681525,386
0x20001cf5,1684681910,385
0x000005ae,1684682103,193
0x20001cf7,1684682296,193
0x20001cf9,1684682681,385
0x20001cfb,1684683067,386
0x20001cfd,1684683452,385
0x20001cff,1684683838,386
0x000005b0,1684684031,193
0x20001d01,1684684224,193
0x20001d03,1684684609,385
0x20001d05,1684684994,385
0x20001d07,1684685380,386
0x20001d09,1684685765,385
0x000005b2,1684685958,193
0x20001d0b,1684686151,193
0x20001d0d,1684686536,385
0x20001d0f,1684686922,386
0x20001d11,1684687307,385
0x20001d13,1684687693,386
0x000005b4,1684687925,232
0x20001d15,1684688118,193
0x20001d17,1684688464,346
0x20001d19,1684688849,385
0x20001d1b,1684689235,386
0x20001d1d,1684689620,385
0x000005b6,1684689894,274
0x20001d1f,1684690087,193
0x20001d21,1684690391,304
0x20001d23,1684690777,386
0x20001d25,1684691162,385
0x20001d27,1684691548,386
0x000005b8,1684691863,315
0x20001d29,1684692056,193
0x20001d2b,1684692319,263
0x20001d2d,1684692704,385
0x20001d2f,1684693090,386
0x20001d31,1684693475,385
0x000005ba,1684693832,357
0x20001d33,1684694025,193
0x20001d35,1684694246,221
0x20001d37,1684694632,386
0x20001d39,1684695017,385
0x20001d3b,1684695403,386
0x20001d3d,1684695788,385
0x000005bc,1684695981,193
0x20001d3f,1684696174,193
0x20001d41,1684696559,385
0x20001d43,1684696945,386
0x20001d45,1684697330,385
0x20001d47,1684697716,386
0x000005be,1684697909,193
0x20001d49,1684698102,193
0x20001d4b,1684698487,385
0x20001d4d,1684698872,385
0x20001d4f,1684699258,386
0x20001d51,1684699643,385
0x000005c0,1684699836,193
0x20001d53,1684700029,193
0x20001d55,1684700414,385
0x20001d57,1684700800,386
0x20001d59,1684701185,385
0x20001d5b,1684701571,386
0x000005c2,1684701764,193
0x20001d5d,1684701957,193
0x20001d5f,1684702342,385
0x20001d61,1684702727,385
0x20001d63,1684703113,386
0x20001d65,1684703498,385
0x000005c4,1684703691,193
0x20001d67,1684703884,193
0x20001d69,1684704269,385
0x20001d6b,1684704655,386
0x20001d6d,1684705040,385
0x20001d6f,1684705426,386
0x000005c6,1684705646,220
0x20001d71,1684705839,193
0x20001d73,1684706197,358
0x20001d75,1684706582,385
0x20001d77,1684706968,386
0x20001d79,1684707353,385
0x000005c8,1684707615,262
0x20001d7b,1684707808,193
0x20001d7d,1684708124,316
0x20001d7f,1684708510,386
0x20001d81,1684708895,385
0x20001d83,1684709281,386
0x000005ca,1684709583,302
0x20001d85,1684709777,194
0x20001d87,1684710051,274
0x20001d89,1684710436,385
0x20001d8b,1684710822,386
0x20001d8d,1684711207,385
0x000005cc,1684711552,345
0x20001d8f,1684711745,193
0x20001d91,1684711978,233
0x20001d93,1684712364,386
0x20001d95,1684712749,385
0x20001d97,1684713135,386
0x20001d99,1684713520,385
0x000005ce,1684713713,193
0x20001d9b,1684713906,193
0x20001d9d,1684714291,385
0x20001d9f,1684714677,386
0x20001da1,1684715062,385
0x20001da3,1684715448,386
0x000005d0,1684715641,193
0x20001da5,1684715834,193
0x20001da7,1684716219,385
0x20001da9,1684716604,385
0x20001dab,1684716990,386
0x20001dad,1684717375,385
0x000005d2,1684717568,193
0x20001daf,1684717761,193
0x20001db1,1684718146,385
0x20001db3,1684718532,386
0x20001db5,1684718917,385
0x20001db7,1684719303,386
0x000005d4,1684719496,193
0x20001db9,1684719689,193
0x20001dbb,1684720074,385
0x20001dbd,1684720459,385
0x20001dbf,1684720845,386
0x20001dc1,1684721230,385
0x000005d6,1684721423,193
0x20001dc3,1684721616,193
0x20001dc5,1684722001,385
0x20001dc7,1684722387,386
0x20001dc9,1684722772,385
0x20001dcb,1684723158,386
0x000005d8,1684723366,208
0x20001dcd,1684723559,193
0x20001dcf,1684723929,370
0x20001dd1,1684724314,385
0x20001dd3,1684724700,386
0x20001dd5,1684725085,385
0x000005da,1684725336,251
0x20001dd7,1684725529,193
0x20001dd9,1684725856,327
0x20001ddb,1684726242,386
0x20001ddd,1684726627,385
0x20001dde,1684727013,386
0x000005dc,1684727305,292
0x20001de0,1684727498,193
0x20001de2,1684727784,286
0x20001de4,1684728169,385
0x20001de6,1684728555,386
0x20001de8,1684728940,385
0x000005de,1684729274,334
0x20001dea,1684729467,193
0x20001dec,1684729711,244
0x20001dee,1684730097,386
0x20001df0,1684730482,385
0x20001df2,1684730868,386
0x000005e0,1684731243,375
0x20001df4,1684731436,193
0x20001df6,1684731639,203
0x20001df8,1684732024,385
0x20001dfa,1684732410,386
0x20001dfc,1684732795,385
0x20001dfe,1684733181,386
0x000005e2,1684733374,193
0x20001e00,1684733567,193
0x20001e02,1684733952,385
0x20001e04,1684734337,385
0x20001e06,1684734723,386
0x20001e08,1684735108,385
0x000005e4,1684735301,193
0x20001e0a,1684735494,193
0x20001e0c,1684735879,385
0x20001e0e,1684736265,386
0x20001e10,1684736650,385
0x20001e12,1684737036,386
0x000005e6,1684737229,193
0x20001e14,1684737422,193
0x20001e16,1684737807,385
0x20001e18,1684738192,385
0x20001e1a,1684738578,386
0x20001e1c,1684738963,385
0x000005e8,1684739156,193
0x20001e1e,1684739349,193
0x20001e20,1684739734,385
0x20001e22,1684740120,386
0x20001e24,1684740505,385
0x20001e26,1684740891,386
0x000005ea,1684741088,197
0x20001e28,1684741281,193
0x20001e2a,1684741662,381
0x20001e2c,1684742047,385
0x20001e2e,1684742433,386
0x20001e30,1684742818,385
0x000005ec,1684743057,239
0x20001e32,1684743250,193
0x20001e34,1684743589,339
0x20001e36,1684743975,386
0x20001e38,1684744360,385
0x20001e3a,1684744746,386
0x000005ee,1684745026,280
0x20001e3c,1684745219,193
0x20001e3e,1684745517,298
0x20001e40,1684745902,385
0x20001e42,1684746288,386
0x20001e44,1684746673,385
0x000005f0,1684746995,322
0x20001e46,1684747188,193
0x20001e48,1684747444,256
0x20001e4a,1684747830,386
0x20001e4c,1684748215,385
0x20001e4e,1684748601,386
0x000005f2,1684748964,363
0x20001e50,1684749157,193
0x20001e52,1684749372,215
0x20001e54,1684749757,385
0x20001e56,1684750143,386
0x20001e58,1684750528,385
0x20001e5a,1684750914,386
0x000005f4,1684751107,193
0x20001e5c,1684751300,193
0x20001e5e,1684751685,385
0x20001e60,1684752070,385
0x20001e62,1684752456,386
0x20001e64,1684752841,385
0x000005f6,1684753034,193
0x20001e66,1684753227,193
0x20001e68,1684753612,385
0x20001e6a,1684753998,386
0x20001e6c,1684754383,385
0x20001e6e,1684754769,386
0x000005f8,1684754962,193
0x20001e70,1684755155,193
0x20001e72,1684755540,385
0x20001e74,1684755925,385
0x20001e76,1684756311,386
0x20001e78,1684756696,385
0x000005fa,1684756889,193
0x20001e7a,1684757082,193
0x20001e7c,1684757467,385
0x20001e7e,1684757853,386
0x20001e80,1684758238,385
0x20001e82,1684758624,386
0x000005fc,1684758817,193
0x20001e84,1684759010,193
0x20001e86,1684759395,385
0x20001e88,1684759780,385
0x20001e8a,1684760166,386
0x20001e8c,1684760551,385
0x000005fe,1684760778,227
0x20001e8e,1684760971,193
0x20001e90,1684761322,351
0x20001e92,1684761708,386
0x20001e94,1684762093,385
0x20001e96,1684762479,386
0x00000600,1684762747,268
0x20001e98,1684762940,193
0x20001e9a,1684763250,310
0x20001e9c,1684763635,385
0x20001e9e,1684764021,386
0x20001ea0,1684764406,385
0x00000602,1684764716,310
0x20001ea2,1684764909,193
0x20001ea4,1684765177,268
0x20001ea6,1684765563,386
0x20001ea8,1684765948,385
0x20001eaa,1684766334,386
0x00000604,1684766685,351
0x20001eac,1684766878,193
0x20001eae,1684767105,227
0x20001eb0,1684767490,385
0x20001eb2,1684767876,386
0x20001eb4,1684768261,385
0x20001eb6,1684768647,386
0x00000606,1684768840,193
0x20001eb8,1684769033,193
0x20001eba,1684769418,385
0x20001ebc,1684769803,385
0x20001ebe,1684770189,386
0x20001ec0,1684770574,385
0x00000608,1684770767,193
0x20001ec2,1684770960,193
0x20001ec4,1684771345,385
0x20001ec6,1684771731,386
0x20001ec8,1684772116,385
0x20001eca,1684772502,386
0x0000060a,1684772695,193
0x20001ecc,1684772888,193
0x20001ece,1684773273,385
0x20001ed0,1684773658,385
0x20001ed2,1684774044,386
0x20001ed4,1684774429,385
0x0000060c,1684774622,193
0x20001ed6,1684774815,193
0x20001ed8,1684775200,385
0x20001eda,1684775586,386
0x20001edc,1684775971,385
0x20001ede,1684776357,386
0x0000060e,1684776550,193
0x20001ee0,1684776743,193
0x20001ee2,1684777128,385
0x20001ee4,1684777513,385
0x20001ee6,1684777899,386
0x20001ee8,1684778284,385
0x00000610,1684778499,215
0x20001eea,1684778692,193
0x20001eec,1684779055,363
0x20001eee,1684779441,386
0x20001ef0,1684779826,385
0x20001ef2,1684780212,386
0x00000612,1684780468,256
0x20001ef4,1684780661,193
0x20001ef6,1684780983,322
0x20001ef8,1684781368,385
0x20001efa,1684781754,386
0x20001efc,1684782139,385
0x00000614,1684782437,298
0x20001efe,1684782630,193
0x20001f00,1684782910,280
0x20001f02,1684783296,386
0x20001f04,1684783681,385
0x20001f06,1684784067,386
0x00000616,1684784406,339
0x20001f08,1684784599,193
0x20001f0a,1684784838,239
0x20001f0c,1684785223,385
0x20001f0e,1684785609,386
0x20001f10,1684785994,385
0x00000618,1684786375,381
0x20001f12,1684786568,193
0x20001f14,1684786765,197
0x20001f16,1684787151,386
0x20001f18,1684787536,385
0x20001f1a,1684787922,386
0x20001f1c,1684788307,385
0x0000061a,1684788500,193
0x20001f1e,1684788693,193
0x20001f20,1684789078,385
0x20001f22,1684789464,386
0x20001f24,1684789849,385
0x20001f26,1684790235,386
0x0000061c,1684790428,193
0x20001f28,1684790621,193
0x20001f2a,1684791006,385
0x20001f2c,1684791391,385
0x20001f2e,1684791777,386
0x20001f30,1684792162,385
0x0000061e,1684792355,193
0x20001f32,1684792548,193
0x20001f34,1684792933,385
0x20001f36,1684793319,386
0x20001f38,1684793704,385
0x20001f3a,1684794090,386
0x00000620,1684794283,193
0x20001f3c,1684794476,193
0x20001f3e,1684794861,385
0x20001f40,1684795246,385
0x20001f42,1684795632,386
0x20001f44,1684796017,385
0x00000622,1684796220,203
0x20001f46,1684796413,193
0x20001f48,1684796788,375
0x20001f4a,1684797174,386
0x20001f4c,1684797559,385
0x20001f4e,1684797945,386
0x00000624,1684798189,244
0x20001f50,1684798382,193
0x20001f52,1684798716,334
0x20001f54,1684799101,385
0x20001f56,1684799487,386
0x20001f58,1684799872,385
0x00000626,1684800158,286
0x20001f5a,1684800351,193
0x20001f5c,1684800643,292
0x20001f5e,1684801029,386
0x20001f60,1684801414,385
0x20001f62,1684801800,386
0x00000628,1684802127,327
0x20001f64,1684802320,193
0x20001f66,1684802571,251
0x20001f68,1684802956,385
0x20001f6a,1684803342,386
0x20001f6c,1684803727,385
0x0000062a,1684804096,369
0x20001f6e,1684804289,193
0x20001f70,1684804498,209
0x20001f72,1684804884,386
0x20001f74,1684805269,385
0x20001f76,1684805655,386
0x20001f78,1684806040,385
0x0000062c,1684806233,193
0x20001f7a,1684806426,193
0x20001f7c,1684806811,385
0x20001f7e,1684807197,386
0x20001f80,1684807582,385
0x20001f82,1684807968,386
0x0000062e,1684808161,193
0x20001f84,1684808354,193
0x20001f86,1684808739,385
0x20001f88,1684809124,385
0x20001f8a,1684809510,386
0x20001f8c,1684809895,385
0x00000630,1684810088,193
0x20001f8e,1684810281,193
0x20001f90,1684810666,385
0x20001f92,1684811052,386
0x20001f94,1684811437,385
0x20001f96,1684811823,386
0x00000632,1684812016,193
0x20001f98,1684812209,193
0x20001f9a,1684812594,385
0x20001f9c,1684812979,385
0x20001f9e,1684813365,386
0x20001fa0,1684813750,385
0x00000634,1684813943,193
0x20001fa2,1684814136,193
0x20001fa4,1684814521,385
0x20001fa6,1684814907,386
0x20001fa8,1684815292,385
0x20001faa,1684815678,386
0x00000636,1684815910,232
0x20001fac,1684816103,193
0x20001fae,1684816449,346
0x20001fb0,1684816834,385
0x20001fb2,1684817220,386
0x20001fb4,1684817605,385
0x00000638,1684817879,274
0x20001fb6,1684818072,193
0x20001fb8,1684818376,304
0x20001fba,1684818762,386
0x20001fbc,1684819147,385
0x20001fbe,1684819533,386
0x0000063a,1684819848,315
0x20001fc0,1684820041,193
0x20001fc2,1684820304,263
0x20001fc4,1684820689,385
0x20001fc6,1684821075,386
0x20001fc8,1684821460,385
0x0000063c,1684821817,357
0x20001fca,1684822010,193
0x20001fcc,1684822231,221
0x20001fce,1684822617,386
0x20001fd0,1684823002,385
0x20001fd2,1684823388,386
0x20001fd4,1684823773,385
0x0000063e,1684823966,193
0x20001fd6,1684824159,193
0x20001fd8,1684824544,385
0x20001fda,1684824930,386
0x20001fdc,1684825315,385
0x20001fde,1684825701,386
0x00000640,1684825894,193
0x20001fe0,1684826087,193
0x20001fe2,1684826472,385
0x20001fe4,1684826857,385
0x20001fe6,1684827243,386
0x20001fe8,1684827628,385
0x00000642,1684827821,193
0x20001fea,1684828014,193
0x20001fec,1684828399,385
0x20001fee,1684828785,386
0x20001ff0,1684829170,385
0x20001ff2,1684829556,386
0x00000644,1684829749,193
0x20001ff4,1684829942,193
0x20001ff6,1684830327,385
0x20001ff8,1684830712,385
0x20001ffa,1684831098,386
0x20001ffc,1684831483,385
0x00000646,1684831676,193
0x20001ffe,1684831869,193
0x20002000,1684832254,385
0x20002002,1684832640,386
0x20002004,1684833025,385
0x20002006,1684833411,386
0x00000648,1684833631,220
0x20002008,1684833824,193
0x2000200a,1684834182,358
0x2000200c,1684834567,385
0x2000200e,1684834953,386
0x20002010,1684835338,385
0x0000064a,1684835600,262
0x20002012,1684835793,193
0x20002014,1684836109,316
0x20002016,1684836495,386
0x20002018,1684836880,385
0x2000201a,1684837266,386
0x0000064c,1684837569,303
0x2000201c,1684837762,193
0x2000201e,1684838037,275
0x20002020,1684838422,385
0x20002022,1684838808,386
0x20002024,1684839193,385
0x0000064e,1684839538,345
0x20002026,1684839731,193
0x20002028,1684839964,233
0x2000202a,1684840350,386
0x2000202c,1684840735,385
0x2000202e,1684841121,386
0x20002030,1684841506,385
0x00000650,1684841699,193
0x20002032,1684841892,193
0x20002034,1684842277,385
0x20002036,1684842663,386
0x20002038,1684843048,385
0x2000203a,1684843434,386
0x00000652,1684843627,193
0x2000203c,1684843820,193
0x2000203e,1684844205,385
0x20002040,1684844590,385
0x20002042,1684844976,386
0x20002044,1684845361,385
0x00000654,1684845554,193
0x20002046,1684845747,193
0x20002048,1684846132,385
0x2000204a,1684846518,386
0x2000204c,1684846903,385
0x2000204e,1684847289,386
0x00000656,1684847482,193
0x20002050,1684847675,193
0x20002052,1684848060,385
0x20002054,1684848445,385
0x20002056,1684848831,386
0x20002058,1684849216,385
0x00000658,1684849409,193
0x2000205a,1684849602,193
0x2000205c,1684849987,385
0x2000205e,1684850373,386
0x20002060,1684850758,385
0x20002062,1684851144,386
0x0000065a,1684851352,208
0x20002064,1684851545,193
0x20002066,1684851915,370
0x20002068,1684852300,385
0x2000206a,1684852686,386
0x2000206c,1684853071,385
0x0000065c,1684853321,250
0x2000206e,1684853514,193
0x20002070,1684853842,328
0x20002072,1684854228,386
0x20002074,1684854613,385
0x20002076,1684854999,386
0x0000065e,1684855290,291
0x20002078,1684855483,193
0x2000207a,1684855770,287
0x2000207c,1684856155,385
0x2000207e,1684856541,386
0x20002080,1684856926,385
0x00000660,1684857259,333
0x20002082,1684857452,193
0x20002084,1684857697,245
0x20002086,1684858083,386
0x20002088,1684858468,385
0x2000208a,1684858854,386
0x00000662,1684859228,374
0x2000208c,1684859421,193
0x2000208e,1684859625,204
0x20002090,1684860010,385
0x20002092,1684860396,386
0x20002094,1684860781,385
0x20002096,1684861167,386
0x00000664,1684861360,193
0x20002098,1684861553,193
0x2000209a,1684861938,385
0x2000209c,1684862323,385
0x2000209e,1684862709,386
0x200020a0,1684863094,385
0x00000666,1684863287,193
0x200020a2,1684863480,193
0x200020a4,1684863865,385
0x200020a6,1684864251,386
0x200020a8,1684864636,385
0x200020aa,1684865022,386
0x00000668,1684865215,193
0x200020ac,1684865408,193
0x200020ae,1684865793,385
0x200020b0,1684866178,385
0x200020b2,1684866564,386
0x200020b4,1684866949,385
0x0000066a,1684867142,193
0x200020b6,1684867335,193
0x200020b8,1684867720,385
0x200020ba,1684868106,386
0x200020bc,1684868491,385
0x200020be,1684868877,386
0x0000066c,1684869073,196
0x200020c0,1684869266,193
0x200020c2,1684869648,382
0x200020c4,1684870033,385
0x200020c6,1684870419,386
0x200020c8,1684870804,385
0x0000066e,1684871042,238
0x200020ca,1684871235,193
0x200020cc,1684871575,340
0x200020ce,1684871961,386
0x200020d0,1684872346,385
0x200020d2,1684872732,386
0x00000670,1684873011,279
0x200020d4,1684873204,193
0x200020d6,1684873503,299
0x200020d8,1684873888,385
0x200020da,1684874274,386
0x200020dc,1684874659,385
0x00000672,1684874980,321
0x200020dd,1684875173,193
0x200020df,1684875430,257
0x200020e1,1684875816,386
0x200020e3,1684876201,385
0x200020e5,1684876587,386
0x00000674,1684876949,362
0x200020e7,1684877142,193
0x200020e9,1684877358,216
0x200020eb,1684877743,385
0x200020ed,1684878129,386
0x200020ef,1684878514,385
0x200020f1,1684878900,386
0x00000676,1684879093,193
0x200020f3,1684879286,193
0x200020f5,1684879671,385
0x200020f7,1684880056,385
0x200020f9,1684880442,386
0x200020fb,1684880827,385
0x00000678,1684881020,193
0x200020fd,1684881213,193
0x200020ff,1684881598,385
0x20002101,1684881984,386
0x20002103,1684882369,385
0x20002105,1684882755,386
0x0000067a,1684882948,193
0x20002107,1684883141,193
0x20002109,1684883526,385
0x2000210b,1684883911,385
0x2000210d,1684884297,386
0x2000210f,1684884682,385
0x0000067c,1684884875,193
0x20002111,1684885068,193
0x20002113,1684885453,385
0x20002115,1684885839,386
0x20002117,1684886224,385
0x20002119,1684886610,386
0x0000067e,1684886803,193
0x2000211b,1684886996,193
0x2000211d,1684887381,385
0x2000211f,1684887766,385
0x20002121,1684888152,386
0x20002123,1684888537,385
0x00000680,1684888763,226
0x20002125,1684888956,193
0x20002127,1684889308,352
0x20002129,1684889694,386
0x2000212b,1684890079,385
0x2000212d,1684890465,386
0x00000682,1684890732,267
0x2000212f,1684890925,193
0x20002131,1684891236,311
0x20002133,1684891621,385
0x20002135,1684892007,386
0x20002137,1684892392,385
0x00000684,1684892701,309
0x20002139,1684892894,193
0x2000213b,1684893163,269
0x2000213d,1684893549,386
0x2000213f,1684893934,385
0x20002141,1684894320,386
0x00000686,1684894670,350
0x20002143,1684894863,193
0x20002145,1684895091,228
0x20002147,1684895476,385
0x20002149,1684895862,386
0x2000214b,1684896247,385
0x2000214d,1684896633,386
0x00000688,1684896826,193
0x2000214f,1684897019,193
0x20002151,1684897404,385
0x20002153,1684897789,385
0x20002155,1684898175,386
0x20002157,1684898560,385
0x0000068a,1684898753,193
0x20002159,1684898946,193
0x2000215b,1684899331,385
0x2000215d,1684899717,386
0x2000215f,1684900102,385
0x20002161,1684900488,386
0x0000068c,1684900681,193
0x20002163,1684900874,193
0x20002165,1684901259,385
0x20002167,1684901644,385
0x20002169,1684902030,386
0x2000216b,1684902415,385
0x0000068e,1684902608,193
0x2000216d,1684902801,193
0x2000216f,1684903186,385
0x20002171,1684903572,386
0x20002173,1684903957,385
0x20002175,1684904343,386
0x00000690,1684904536,193
0x20002177,1684904729,193
0x20002179,1684905114,385
0x2000217b,1684905499,385
0x2000217d,1684905885,386
0x2000217f,1684906270,385
0x00000692,1684906484,214
0x20002181,1684906677,193
0x20002183,1684907041,364
0x20002185,1684907427,386
0x20002187,1684907812,385
0x20002189,1684908198,386
0x00000694,1684908453,255
0x2000218b,1684908646,193
0x2000218d,1684908969,323
0x2000218f,1684909354,385
0x20002191,1684909740,386
0x20002193,1684910125,385
0x00000696,1684910422,297
0x20002195,1684910615,193
0x20002197,1684910896,281
0x20002199,1684911282,386
0x2000219b,1684911667,385
0x2000219d,1684912053,386
0x00000698,1684912391,338
0x2000219f,1684912584,193
0x200021a1,1684912824,240
0x200021a3,1684913209,385
0x200021a5,1684913595,386
0x200021a7,1684913980,385
0x0000069a,1684914360,380
0x200021a9,1684914553,193
0x200021ab,1684914751,198
0x200021ad,1684915137,386
0x200021af,1684915522,385
0x200021b1,1684915908,386
0x200021b3,1684916293,385
0x0000069c,1684916486,193
0x200021b5,1684916679,193
0x200021b7,1684917064,385
0x200021b9,1684917450,386
0x200021bb,1684917835,385
0x200021bd,1684918221,386
0x0000069e,1684918414,193
0x200021bf,1684918607,193
0x200021c1,1684918992,385
0x200021c3,1684919377,385
0x200021c5,1684919763,386
0x200021c7,1684920148,385
0x000006a0,1684920341,193
0x200021c9,1684920534,193
0x200021cb,1684920919,385
0x200021cd,1684921305,386
0x200021cf,1684921690,385
0x200021d1,1684922076,386
0x000006a2,1684922269,193
0x200021d3,1684922462,193
0x200021d5,1684922847,385
0x200021d7,1684923232,385
0x200021d9,1684923618,386
0x200021db,1684924003,385
0x000006a4,1684924205,202
0x200021dd,1684924398,193
0x200021df,1684924774,376
0x200021e1,1684925160,386
0x200021e3,1684925545,385
0x200021e5,1684925931,386
0x000006a6,1684926174,243
0x200021e7,1684926367,193
0x200021e9,1684926702,335
0x200021eb,1684927087,385
0x200021ed,1684927473,386
0x200021ef,1684927858,385
0x000006a8,1684928143,285
0x200021f1,1684928336,193
0x200021f3,1684928629,293
0x200021f5,1684929015,386
0x200021f7,1684929400,385
0x200021f9,1684929786,386
0x000006aa,1684930112,326
0x200021fb,1684930305,193
0x200021fd,1684930557,252
0x200021ff,1684930942,385
0x20002201,1684931328,386
0x20002203,1684931713,385
0x000006ac,1684932081,368
0x20002205,1684932274,193
0x20002207,1684932484,210
0x20002209,1684932870,386
0x2000220b,1684933255,385
0x2000220d,1684933641,386
0x2000220f,1684934026,385
0x000006ae,1684934219,193
0x20002211,1684934412,193
0x20002213,1684934797,385
0x20002215,1684935183,386
0x20002217,1684935568,385
0x20002219,1684935954,386
0x000006b0,1684936147,193
0x2000221b,1684936340,193
0x2000221d,1684936725,385
0x2000221f,1684937110,385
0x20002221,1684937496,386
0x20002223,1684937881,385
0x000006b2,1684938074,193
0x20002225,1684938267,193
0x20002227,1684938652,385
0x20002229,1684939038,386
0x2000222b,1684939423,385
0x2000222d,1684939809,386
0x000006b4,1684940002,193
0x2000222f,1684940195,193
0x20002231,1684940580,385
0x20002233,1684940964,384
0x20002235,1684941350,386
0x20002237,1684941735,385
0x000006b6,1684941928,193
0x20002239,1684942121,193
0x2000223b,1684942506,385
0x2000223d,1684942892,386
0x2000223f,1684943277,385
0x20002241,1684943663,386
0x000006b8,1684943894,231
0x20002243,1684944087,193
0x20002245,1684944434,347
0x20002247,1684944819,385
0x20002249,1684945205,386
0x2000224b,1684945590,385
0x000006ba,1684945863,273
0x2000224d,1684946056,193
0x2000224f,1684946361,305
0x20002251,1684946747,386
0x20002253,1684947132,385
0x20002255,1684947518,386
0x000006bc,1684947832,314
0x20002257,1684948025,193
0x20002259,1684948289,264
0x2000225b,1684948674,385
0x2000225d,1684949060,386
0x2000225f,1684949445,385
0x000006be,1684949801,356
0x20002261,1684949994,193
0x20002263,1684950216,222
0x20002265,1684950602,386
0x20002267,1684950987,385
0x20002269,1684951373,386
0x2000226b,1684951758,385
0x000006c0,1684951951,193
0x2000226d,1684952144,193
0x2000226f,1684952529,385
0x20002271,1684952915,386
0x20002273,1684953300,385
0x20002275,1684953686,386
0x000006c2,1684953879,193
0x20002277,1684954072,193
0x20002279,1684954457,385
0x2000227b,1684954842,385
0x2000227d,1684955228,386
0x2000227f,1684955613,385
0x000006c4,1684955806,193
0x20002281,1684955999,193
0x20002283,1684956384,385
0x20002285,1684956770,386
0x20002287,1684957155,385
0x20002289,1684957541,386
0x000006c6,1684957734,193
0x2000228b,1684957927,193
0x2000228d,1684958312,385
0x2000228f,1684958697,385
0x20002291,1684959083,386
0x20002293,1684959468,385
0x000006c8,1684959661,193
0x20002295,1684959854,193
0x20002297,1684960239,385
0x20002299,1684960625,386
0x2000229b,1684961010,385
0x2000229d,1684961396,386
0x000006ca,1684961616,220
0x2000229f,1684961809,193
0x200022a1,1684962167,358
0x200022a3,1684962552,385
0x200022a5,1684962938,386
0x200022a7,1684963323,385
0x000006cc,1684963585,262
0x200022a9,1684963778,193
0x200022ab,1684964094,316
0x200022ad,1684964480,386
0x200022af,1684964865,385
0x200022b1,1684965251,386
0x000006ce,1684965554,303
0x200022b3,1684965747,193
0x200022b5,1684966022,275
0x200022b7,1684966407,385
0x200022b9,1684966793,386
0x200022bb,1684967178,385
0x000006d0,1684967523,345
0x200022bd,1684967716,193
0x200022bf,1684967949,233
0x200022c1,1684968335,386
0x200022c3,1684968720,385
0x200022c5,1684969106,386
0x200022c7,1684969491,385
0x000006d2,1684969684,193
0x200022c9,1684969877,193
0x200022cb,1684970262,385
0x200022cd,1684970648,386
0x200022cf,1684971033,385
0x200022d1,1684971419,386
0x000006d4,1684971612,193
0x200022d3,1684971805,193
0x200022d5,1684972190,385
0x200022d7,1684972575,385
0x200022d9,1684972961,386
0x200022db,1684973346,385
0x000006d6,1684973539,193
0x200022dd,1684973732,193
0x200022df,1684974117,385
0x200022e1,1684974503,386
0x200022e3,1684974888,385
0x200022e5,1684975274,386
0x000006d8,1684975467,193
0x200022e7,1684975660,193
0x200022e9,1684976045,385
0x200022eb,1684976430,385
0x200022ed,1684976816,386
0x200022ef,1684977201,385
0x000006da,1684977394,193
0x200022f1,1684977587,193
0x200022f3,1684977972,385
0x200022f5,1684978358,386
0x200022f7,1684978743,385
0x200022f9,1684979129,386
0x000006dc,1684979337,208
0x200022fb,1684979530,193
0x200022fd,1684979900,370
0x200022ff,1684980285,385
0x20002301,1684980671,386
0x20002303,1684981056,385
0x000006de,1684981306,250
0x20002305,1684981499,193
0x20002307,1684981827,328
0x20002309,1684982213,386
0x2000230b,1684982598,385
0x2000230d,1684982984,386
0x000006e0,1684983275,291
0x2000230f,1684983468,193
0x20002311,1684983755,287
0x20002313,1684984140,385
0x20002315,1684984526,386
0x20002317,1684984911,385
0x000006e2,1684985244,333
0x20002319,1684985437,193
0x2000231b,1684985682,245
0x2000231d,1684986068,386
0x2000231f,1684986453,385
0x20002321,1684986839,386
0x000006e4,1684987213,374
0x20002323,1684987406,193
0x20002325,1684987610,204
0x20002327,1684987995,385
0x20002329,1684988381,386
0x2000232b,1684988766,385
0x2000232d,1684989152,386
0x000006e6,1684989345,193
0x2000232f,1684989538,193
0x20002331,1684989923,385
0x20002333,1684990308,385
0x20002335,1684990694,386
0x20002337,1684991079,385
0x000006e8,1684991272,193
0x20002339,1684991465,193
0x2000233b,1684991850,385
0x2000233d,1684992236,386
0x2000233f,1684992621,385
0x20002341,1684993007,386
0x000006ea,1684993200,193
0x20002343,1684993393,193
0x20002345,1684993778,385
0x20002347,1684994163,385
0x20002349,1684994549,386
0x2000234b,1684994934,385
0x000006ec,1684995127,193
0x2000234d,1684995320,193
0x2000234f,1684995705,385
0x20002351,1684996091,386
0x20002353,1684996476,385
0x20002355,1684996862,386
0x000006ee,1684997058,196
0x20002357,1684997251,193
0x20002359,1684997633,382
0x2000235b,1684998018,385
0x2000235d,1684998404,386
0x2000235f,1684998789,385
0x000006f0,1684999027,238
0x20002361,1684999220,193
0x20002363,1684999560,340
0x20002365,1684999946,386
0x20002367,1685000331,385
0x20002369,1685000717,386
0x000006f2,1685000996,279
0x2000236b,1685001189,193
0x2000236d,1685001488,299
0x2000236f,1685001873,385
0x20002371,1685002259,386
0x20002373,1685002644,385
0x000006f4,1685002965,321
0x20002375,1685003158,193
0x20002377,1685003415,257
0x20002379,1685003801,386
0x2000237b,1685004186,385
0x2000237d,1685004572,386
0x000006f6,1685004934,362
0x2000237f,1685005127,193
0x20002381,1685005343,216
0x20002383,1685005728,385
0x20002385,1685006114,386
0x20002387,1685006499,385
0x20002389,1685006885,386
0x000006f8,1685007078,193
0x2000238b,1685007271,193
0x2000238d,1685007656,385
0x2000238f,1685008041,385
0x20002391,1685008427,386
0x20002393,1685008812,385
0x000006fa,1685009005,193
0x20002395,1685009198,193
0x20002397,1685009583,385
0x20002399,1685009969,386
0x2000239b,1685010354,385
0x2000239d,1685010740,386
0x000006fc,1685010933,193
0x2000239f,1685011126,193
0x200023a1,1685011511,385
0x200023a3,1685011896,385
0x200023a5,1685012282,386
0x200023a7,1685012667,385
0x000006fe,1685012860,193
0x200023a9,1685013053,193
0x200023ab,1685013438,385
0x200023ad,1685013824,386
0x200023af,1685014209,385
0x200023b1,1685014595,386
0x00000700,1685014788,193
0x200023b3,1685014981,193
0x200023b5,1685015366,385
0x200023b7,1685015751,385
0x200023b9,1685016137,386
0x200023bb,1685016522,385
0x00000702,1685016748,226
0x200023bd,1685016941,193
0x200023bf,1685017293,352
0x200023c1,1685017679,386
0x200023c3,1685018064,385
0x200023c5,1685018450,386
0x00000704,1685018717,267
0x200023c7,1685018910,193
0x200023c9,1685019221,311
0x200023cb,1685019606,385
0x200023cd,1685019992,386
0x200023cf,1685020377,385
0x00000706,1685020686,309
0x200023d1,1685020879,193
0x200023d3,1685021148,269
0x200023d5,1685021534,386
0x200023d7,1685021919,385
0x200023d9,1685022305,386
0x00000708,1685022655,350
0x200023db,1685022848,193
0x200023dc,1685023076,228
0x200023de,1685023461,385
0x200023e0,1685023847,386
0x200023e2,1685024232,385
0x200023e4,1685024618,386
0x0000070a,1685024811,193
0x200023e6,1685025004,193
0x200023e8,1685025389,385
0x200023ea,1685025774,385
0x200023ec,1685026160,386
0x200023ee,1685026545,385
0x0000070c,1685026738,193
0x200023f0,1685026931,193
0x200023f2,1685027316,385
0x200023f4,1685027702,386
0x200023f6,1685028087,385
0x200023f8,1685028473,386
0x0000070e,1685028666,193
0x200023fa,1685028859,193
0x200023fc,1685029244,385
0x200023fe,1685029629,385
0x20002400,1685030015,386
0x20002402,1685030400,385
0x00000710,1685030593,193
0x20002404,1685030786,193
0x20002406,1685031171,385
0x20002408,1685031557,386
0x2000240a,1685031942,385
0x2000240c,1685032328,386
0x00000712,1685032521,193
0x2000240e,1685032714,193
0x20002410,1685033099,385
0x20002412,1685033484,385
0x20002414,1685033870,386
0x20002416,1685034255,385
0x00000714,1685034469,214
0x20002418,1685034662,193
0x2000241a,1685035026,364
0x2000241c,1685035412,386
0x2000241e,1685035797,385
0x20002420,1685036183,386
0x00000716,1685036438,255
0x20002422,1685036631,193
0x20002424,1685036954,323
0x20002426,1685037339,385
0x20002428,1685037725,386
0x2000242a,1685038110,385
0x00000718,1685038407,297
0x2000242c,1685038600,193
0x2000242e,1685038881,281
0x20002430,1685039267,386
0x20002432,1685039652,385
0x20002434,1685040038,386
0x0000071a,1685040376,338
0x20002436,1685040569,193
0x20002438,1685040809,240
0x2000243a,1685041194,385
0x2000243c,1685041580,386
0x2000243e,1685041965,385
0x0000071c,1685042345,380
0x20002440,1685042538,193
0x20002442,1685042736,198
0x20002444,1685043122,386
0x20002446,1685043507,385
0x20002448,1685043893,386
0x2000244a,1685044278,385
0x0000071e,1685044471,193
0x2000244c,1685044664,193
0x2000244e,1685045049,385
0x20002450,1685045435,386
0x20002452,1685045820,385
0x20002454,1685046206,386
0x00000720,1685046399,193
0x20002456,1685046592,193
0x20002458,1685046977,385
0x2000245a,1685047362,385
0x2000245c,1685047748,386
0x2000245e,1685048133,385
0x00000722,1685048326,193
0x20002460,1685048519,193
0x20002462,1685048904,385
0x20002464,1685049290,386
0x20002466,1685049675,385
0x20002468,1685050061,386
0x00000724,1685050254,193
0x2000246a,1685050447,193
0x2000246c,1685050832,385
0x2000246e,1685051217,385
0x20002470,1685051603,386
0x20002472,1685051988,385
0x00000726,1685052190,202
0x20002474,1685052383,193
0x20002476,1685052759,376
0x20002478,1685053145,386
0x2000247a,1685053530,385
0x2000247c,1685053916,386
0x00000728,1685054159,243
0x2000247e,1685054352,193
0x20002480,1685054687,335
0x20002482,1685055072,385
0x20002484,1685055458,386
0x20002486,1685055843,385
0x0000072a,1685056128,285
0x20002488,1685056321,193
0x2000248a,1685056614,293
0x2000248c,1685057000,386
0x2000248e,1685057385,385
0x20002490,1685057771,386
0x0000072c,1685058097,326
0x20002492,1685058290,193
0x20002494,1685058542,252
0x20002496,1685058927,385
0x20002498,1685059313,386
0x2000249a,1685059698,385
0x0000072e,1685060066,368
0x2000249c,1685060259,193
0x2000249e,1685060469,210
0x200024a0,1685060855,386
0x200024a2,1685061240,385
0x200024a4,1685061626,386
0x200024a6,1685062011,385
0x00000730,1685062204,193
0x200024a8,1685062397,193
0x200024aa,1685062782,385
0x200024ac,1685063168,386
0x200024ae,1685063553,385
0x200024b0,1685063939,386
0x00000732,1685064132,193
0x200024b2,1685064325,193
0x200024b4,1685064710,385
0x200024b6,1685065095,385
0x200024b8,1685065481,386
0x200024ba,1685065866,385
0x00000734,1685066059,193
0x200024bc,1685066252,193
0x200024be,1685066637,385
0x200024c0,1685067023,386
0x200024c2,1685067408,385
0x200024c4,1685067794,386
0x00000736,1685067987,193
0x200024c6,1685068180,193
0x200024c8,1685068565,385
0x200024ca,1685068950,385
0x200024cc,1685069336,386
0x200024ce,1685069721,385
0x00000738,1685069914,193
0x200024d0,1685070107,193
0x200024d2,1685070492,385
0x200024d4,1685070878,386
0x200024d6,1685071263,385
0x200024d8,1685071649,386
0x0000073a,1685071880,231
0x200024da,1685072073,193
0x200024dc,1685072420,347
0x200024de,1685072805,385
0x200024e0,1685073191,386
0x200024e2,1685073576,385
0x0000073c,1685073849,273
0x200024e4,1685074042,193
0x200024e6,1685074347,305
0x200024e8,1685074733,386
0x200024ea,1685075118,385
0x200024ec,1685075504,386
0x0000073e,1685075818,314
0x200024ee,1685076011,193
0x200024f0,1685076275,264
0x200024f2,1685076660,385
0x200024f4,1685077046,386
0x200024f6,1685077431,385
0x00000740,1685077787,356
0x200024f8,1685077980,193
0x200024fa,1685078202,222
0x200024fc,1685078588,386
0x200024fe,1685078973,385
0x20002500,1685079359,386
0x20002502,1685079744,385
0x00000742,1685079937,193
0x20002504,1685080130,193
0x20002506,1685080515,385
0x20002508,1685080901,386
0x2000250a,1685081286,385
0x2000250c,1685081672,386
0x00000744,1685081865,193
0x2000250e,1685082058,193
0x20002510,1685082443,385
0x20002512,1685082828,385
0x20002514,1685083214,386
0x20002516,1685083599,385
0x00000746,1685083792,193
0x20002518,1685083985,193
0x2000251a,1685084370,385
0x2000251c,1685084756,386
0x2000251e,1685085141,385
0x20002520,1685085527,386
0x00000748,1685085720,193
0x20002522,1685085913,193
0x20002524,1685086298,385
0x20002526,1685086683,385
0x20002528,1685087069,386
0x2000252a,1685087454,385
0x0000074a,1685087647,193
0x2000252c,1685087840,193
0x2000252e,1685088225,385
0x20002530,1685088611,386
0x20002532,1685088996,385
0x20002534,1685089382,386
0x0000074c,1685089601,219
0x20002536,1685089794,193
0x20002538,1685090153,359
0x2000253a,1685090538,385
0x2000253c,1685090924,386
0x2000253e,1685091309,385
0x0000074e,1685091570,261
0x20002540,1685091763,193
0x20002542,1685092080,317
0x20002544,1685092466,386
0x20002546,1685092851,385
0x20002548,1685093237,386
0x00000750,1685093539,302
0x2000254a,1685093732,193
0x2000254c,1685094008,276
0x2000254e,1685094393,385
0x20002550,1685094779,386
0x20002552,1685095164,385
0x00000752,1685095508,344
0x20002554,1685095701,193
0x20002556,1685095935,234
0x20002558,1685096321,386
0x2000255a,1685096706,385
0x2000255c,1685097092,386
0x00000754,1685097477,385
0x2000255e,1685097670,193
0x20002560,1685097863,193
0x20002562,1685098248,385
0x20002564,1685098634,386
0x20002566,1685099019,385
0x20002568,1685099405,386
0x00000756,1685099598,193
0x2000256a,1685099791,193
0x2000256c,1685100176,385
0x2000256e,1685100561,385
0x20002570,1685100947,386
0x20002572,1685101332,385
0x00000758,1685101525,193
0x20002574,1685101718,193
0x20002576,1685102103,385
0x20002578,1685102489,386
0x2000257a,1685102874,385
0x2000257c,1685103260,386
0x0000075a,1685103453,193
0x2000257e,1685103646,193
0x20002580,1685104031,385
0x20002582,1685104416,385
0x20002584,1685104802,386
0x20002586,1685105187,385
0x0000075c,1685105380,193
0x20002588,1685105573,193
0x2000258a,1685105958,385
0x2000258c,1685106344,386
0x2000258e,1685106729,385
0x20002590,1685107115,386
0x0000075e,1685107322,207
0x20002592,1685107515,193
0x20002594,1685107886,371
0x20002596,1685108271,385
0x20002598,1685108657,386
0x2000259a,1685109042,385
0x00000760,1685109291,249
0x2000259c,1685109484,193
0x2000259e,1685109813,329
0x200025a0,1685110199,386
0x200025a2,1685110584,385
0x200025a4,1685110970,386
0x00000762,1685111260,290
0x200025a6,1685111453,193
0x200025a8,1685111741,288
0x200025aa,1685112126,385
0x200025ac,1685112512,386
0x200025ae,1685112897,385
0x00000764,1685113229,332
0x200025b0,1685113422,193
0x200025b2,1685113668,246
0x200025b4,1685114054,386
0x200025b6,1685114439,385
0x200025b8,1685114825,386
0x00000766,1685115198,373
0x200025ba,1685115391,193
0x200025bc,1685115596,205
0x200025be,1685115981,385
0x200025c0,1685116367,386
0x200025c2,1685116752,385
0x200025c4,1685117138,386
0x00000768,1685117331,193
0x200025c6,1685117524,193
0x200025c8,1685117909,385
0x200025ca,1685118294,385
0x200025cc,1685118680,386
0x200025ce,1685119065,385
0x0000076a,1685119258,193
0x200025d0,1685119451,193
0x200025d2,1685119836,385
0x200025d4,1685120222,386
0x200025d6,1685120607,385
0x200025d8,1685120993,386
0x0000076c,1685121186,193
0x200025da,1685121379,193
0x200025dc,1685121764,385
0x200025de,1685122149,385
0x200025e0,1685122535,386
0x200025e2,1685122920,385
0x0000076e,1685123113,193
0x200025e4,1685123306,193
0x200025e6,1685123691,385
0x200025e8,1685124077,386
0x200025ea,1685124462,385
0x200025ec,1685124848,386
0x00000770,1685125043,195
0x200025ee,1685125236,193
0x200025f0,1685125619,383
0x200025f2,1685126004,385
0x200025f4,1685126390,386
0x200025f6,1685126775,385
0x00000772,1685127012,237
0x200025f8,1685127205,193
0x200025fa,1685127546,341
0x200025fc,1685127932,386
0x200025fe,1685128317,385
0x20002600,1685128703,386
0x00000774,1685128981,278
0x20002602,1685129174,193
0x20002604,1685129474,300
0x20002606,1685129859,385
0x20002608,1685130245,386
0x2000260a,1685130630,385
0x00000776,1685130950,320
0x2000260c,1685131143,193
0x2000260e,1685131401,258
0x20002610,1685131787,386
0x20002612,1685132172,385
0x20002614,1685132558,386
0x00000778,1685132919,361
0x20002616,1685133112,193
0x20002618,1685133329,217
0x2000261a,1685133714,385
0x2000261c,1685134100,386
0x2000261e,1685134485,385
0x20002620,1685134871,386
0x0000077a,1685135064,193
0x20002622,1685135257,193
0x20002624,1685135642,385
0x20002626,1685136027,385
0x20002628,1685136413,386
0x2000262a,1685136798,385
0x0000077c,1685136991,193
0x2000262c,1685137184,193
0x2000262e,1685137569,385
0x20002630,1685137955,386
0x20002632,1685138340,385
0x20002634,1685138726,386
0x0000077e,1685138919,193
0x20002636,1685139112,193
0x20002638,1685139497,385
0x2000263a,1685139882,385
0x2000263c,1685140268,386
0x2000263e,1685140653,385
0x00000780,1685140846,193
0x20002640,1685141039,193
0x20002642,1685141424,385
0x20002644,1685141810,386
0x20002646,1685142195,385
0x20002648,1685142581,386
0x00000782,1685142774,193
0x2000264a,1685142967,193
0x2000264c,1685143352,385
0x2000264e,1685143737,385
0x20002650,1685144123,386
0x20002652,1685144508,385
0x00000784,1685144733,225
0x20002654,1685144926,193
0x20002656,1685145279,353
0x20002658,1685145665,386
0x2000265a,1685146050,385
0x2000265c,1685146436,386
0x00000786,1685146702,266
0x2000265e,1685146895,193
0x20002660,1685147207,312
0x20002662,1685147592,385
0x20002664,1685147978,386
0x20002666,1685148363,385
0x00000788,1685148671,308
0x20002668,1685148864,193
0x2000266a,1685149134,270
0x2000266c,1685149520,386
0x2000266e,1685149905,385
0x20002670,1685150291,386
0x0000078a,1685150640,349
0x20002672,1685150833,193
0x20002674,1685151062,229
0x20002676,1685151447,385
0x20002678,1685151833,386
0x2000267a,1685152218,385
0x2000267c,1685152604,386
0x0000078c,1685152797,193
0x2000267e,1685152990,193
0x20002680,1685153375,385
0x20002682,1685153760,385
0x20002684,1685154146,386
0x20002686,1685154531,385
0x0000078e,1685154724,193
0x20002688,1685154917,193
0x2000268a,1685155302,385
0x2000268c,1685155688,386
0x2000268e,1685156073,385
0x20002690,1685156459,386
0x00000790,1685156652,193
0x20002692,1685156845,193
0x20002694,1685157230,385
0x20002696,1685157615,385
0x20002698,1685158001,386
0x2000269a,1685158386,385
0x00000792,1685158579,193
0x2000269c,1685158772,193
0x2000269e,1685159157,385
0x200026a0,1685159543,386
0x200026a2,1685159928,385
0x200026a4,1685160314,386
0x00000794,1685160507,193
0x200026a6,1685160700,193
0x200026a8,1685161085,385
0x200026aa,1685161470,385
0x200026ac,1685161856,386
0x200026ae,1685162241,385
0x00000796,1685162454,213
0x200026b0,1685162647,193
0x200026b2,1685163012,365
0x200026b4,1685163398,386
0x200026b6,1685163783,385
0x200026b8,1685164169,386
0x00000798,1685164423,254
0x200026ba,1685164616,193
0x200026bc,1685164940,324
0x200026be,1685165325,385
0x200026c0,1685165711,386
0x200026c2,1685166096,385
0x0000079a,1685166392,296
0x200026c4,1685166585,193
0x200026c6,1685166867,282
0x200026c8,1685167253,386
0x200026ca,1685167638,385
0x200026cc,1685168024,386
0x0000079c,1685168361,337
0x200026ce,1685168554,193
0x200026d0,1685168795,241
0x200026d2,1685169180,385
0x200026d4,1685169566,386
0x200026d6,1685169951,385
0x0000079e,1685170330,379
0x200026d8,1685170523,193
0x200026da,1685170722,199
0x200026dc,1685171108,386
0x200026de,1685171493,385
0x200026df,1685171878,385
0x200026e1,1685172263,385
0x000007a0,1685172456,193
0x200026e3,1685172649,193
0x200026e5,1685173034,385
0x200026e7,1685173420,386
0x200026e9,1685173805,385
0x200026eb,1685174191,386
0x000007a2,1685174384,193
0x200026ed,1685174577,193
0x200026ef,1685174962,385
0x200026f1,1685175347,385
0x200026f3,1685175733,386
0x200026f5,1685176118,385
0x000007a4,1685176311,193
0x200026f7,1685176504,193
0x200026f9,1685176889,385
0x200026fb,1685177275,386
0x200026fd,1685177660,385
0x200026ff,1685178046,386
0x000007a6,1685178239,193
0x20002701,1685178432,193
0x20002703,1685178817,385
0x20002705,1685179202,385
0x20002707,1685179588,386
0x20002709,1685179973,385
0x000007a8,1685180174,201
0x2000270b,1685180367,193
0x2000270d,1685180744,377
0x2000270f,1685181130,386
0x20002711,1685181515,385
0x20002713,1685181901,386
0x000007aa,1685182143,242
0x20002715,1685182336,193
0x20002717,1685182672,336
0x20002719,1685183057,385
0x2000271b,1685183443,386
0x2000271d,1685183828,385
0x000007ac,1685184112,284
0x2000271f,1685184305,193
0x20002721,1685184599,294
0x20002723,1685184985,386
0x20002725,1685185370,385
0x20002727,1685185756,386
0x000007ae,1685186081,325
0x20002729,1685186274,193
0x2000272b,1685186527,253
0x2000272d,1685186912,385
0x2000272f,1685187298,386
0x20002731,1685187683,385
0x000007b0,1685188051,368
0x20002733,1685188244,193
0x20002735,1685188454,210
0x20002737,1685188840,386
0x20002739,1685189225,385
0x2000273b,1685189611,386
0x2000273d,1685189996,385
0x000007b2,1685190189,193
0x2000273f,1685190382,193
0x20002741,1685190767,385
0x20002743,1685191153,386
0x20002745,1685191538,385
0x20002747,1685191924,386
0x000007b4,1685192117,193
0x20002749,1685192310,193
0x2000274b,1685192695,385
0x2000274d,1685193080,385
0x2000274f,1685193466,386
0x20002751,1685193851,385
0x000007b6,1685194044,193
0x20002753,1685194237,193
0x20002755,1685194622,385
0x20002757,1685195008,386
0x20002759,1685195393,385
0x2000275b,1685195779,386
0x000007b8,1685195972,193
0x2000275d,1685196165,193
0x2000275f,1685196550,385
0x20002761,1685196935,385
0x20002763,1685197321,386
0x20002765,1685197706,385
0x000007ba,1685197899,193
0x20002767,1685198092,193
0x20002769,1685198477,385
0x2000276b,1685198863,386
0x2000276d,1685199248,385
0x2000276f,1685199634,386
0x000007bc,1685199865,231
0x20002771,1685200058,193
0x20002773,1685200405,347
0x20002775,1685200790,385
0x20002777,1685201176,386
0x20002779,1685201561,385
0x000007be,1685201834,273
0x2000277b,1685202027,193
0x2000277d,1685202332,305
0x2000277f,1685202718,386
0x20002781,1685203103,385
0x20002783,1685203489,386
0x000007c0,1685203803,314
0x20002785,1685203996,193
0x20002787,1685204260,264
0x20002789,1685204645,385
0x2000278b,1685205031,386
0x2000278d,1685205416,385
0x000007c2,1685205772,356
0x2000278f,1685205965,193
0x20002791,1685206187,222
0x20002793,1685206573,386
0x20002795,1685206958,385
0x20002797,1685207344,386
0x20002799,1685207729,385
0x000007c4,1685207922,193
0x2000279b,1685208115,193
0x2000279d,1685208500,385
0x2000279f,1685208886,386
0x200027a1,1685209271,385
0x200027a3,1685209657,386
0x000007c6,1685209850,193
0x200027a5,1685210043,193
0x200027a7,1685210428,385
0x200027a9,1685210813,385
0x200027ab,1685211199,386
0x200027ad,1685211584,385
0x000007c8,1685211777,193
0x200027af,1685211970,193
0x200027b1,1685212355,385
0x200027b3,1685212741,386
0x200027b5,1685213126,385
0x200027b7,1685213512,386
0x000007ca,1685213705,193
0x200027b9,1685213898,193
0x200027bb,1685214283,385
0x200027bd,1685214668,385
0x200027bf,1685215054,386
0x200027c1,1685215439,385
0x000007cc,1685215632,193
0x200027c3,1685215825,193
0x200027c5,1685216210,385
0x200027c7,1685216596,386
0x200027c9,1685216981,385
0x200027cb,1685217367,386
0x000007ce,1685217586,219
0x200027cd,1685217779,193
0x200027cf,1685218138,359
0x200027d1,1685218523,385
0x200027d3,1685218909,386
0x200027d5,1685219294,385
0x000007d0,1685219555,261
0x200027d7,1685219748,193
0x200027d9,1685220065,317
0x200027db,1685220451,386
0x200027dd,1685220836,385
0x200027df,1685221222,386
0x000007d2,1685221524,302
0x200027e1,1685221717,193
0x200027e3,1685221993,276
0x200027e5,1685222378,385
0x200027e7,1685222764,386
0x200027e9,1685223149,385
0x000007d4,1685223493,344
0x200027eb,1685223686,193
0x200027ed,1685223920,234
0x200027ef,1685224306,386
0x200027f1,1685224691,385
0x200027f3,1685225077,386
0x000007d6,1685225462,385
0x200027f5,1685225655,193
0x200027f7,1685225848,193
0x200027f9,1685226233,385
0x200027fb,1685226619,386
0x200027fd,1685227004,385
0x200027ff,1685227390,386
0x000007d8,1685227583,193
0x20002801,1685227776,193
0x20002803,1685228161,385
0x20002805,1685228546,385
0x20002807,1685228932,386
0x20002809,1685229317,385
0x000007da,1685229510,193
0x2000280b,1685229703,193
0x2000280d,1685230088,385
0x2000280f,1685230474,386
0x20002811,1685230859,385
0x20002813,1685231245,386
0x000007dc,1685231438,193
0x20002815,1685231631,193
0x20002817,1685232016,385
0x20002819,1685232401,385
0x2000281b,1685232787,386
0x2000281d,1685233172,385
0x000007de,1685233365,193
0x2000281f,1685233558,193
0x20002821,1685233943,385
0x20002823,1685234329,386
0x20002825,1685234714,385
0x20002827,1685235100,386
0x000007e0,1685235307,207
0x20002829,1685235500,193
0x2000282b,1685235871,371
0x2000282d,1685236256,385
0x2000282f,1685236642,386
0x20002831,1685237027,385
0x000007e2,1685237276,249
0x20002833,1685237469,193
0x20002835,1685237798,329
0x20002837,1685238184,386
0x20002839,1685238569,385
0x2000283b,1685238955,386
0x000007e4,1685239245,290
0x2000283d,1685239438,193
0x2000283f,1685239726,288
0x20002841,1685240111,385
0x20002843,1685240497,386
0x20002845,1685240882,385
0x000007e6,1685241214,332
0x20002847,1685241407,193
0x20002849,1685241653,246
0x2000284b,1685242039,386
0x2000284d,1685242424,385
0x2000284f,1685242810,386
0x000007e8,1685243183,373
0x20002851,1685243376,193
0x20002853,1685243581,205
0x20002855,1685243966,385
0x20002857,1685244352,386
0x20002859,1685244737,385
0x2000285b,1685245123,386
0x000007ea,1685245316,193
0x2000285d,1685245509,193
0x2000285f,1685245894,385
0x20002861,1685246279,385
0x20002863,1685246665,386
0x20002865,1685247050,385
0x000007ec,1685247243,193
0x20002867,1685247436,193
0x20002869,1685247821,385
0x2000286b,1685248207,386
0x2000286d,1685248592,385
0x2000286f,1685248978,386
0x000007ee,1685249171,193
0x20002871,1685249364,193
0x20002873,1685249749,385
0x20002875,1685250134,385
0x20002877,1685250520,386
0x20002879,1685250905,385
0x000007f0,1685251098,193
0x2000287b,1685251291,193
0x2000287d,1685251676,385
0x2000287f,1685252062,386
0x20002881,1685252447,385
0x20002883,1685252833,386
0x000007f2,1685253028,195
0x20002885,1685253221,193
0x20002887,1685253604,383
0x20002889,1685253989,385
0x2000288b,1685254375,386
0x2000288d,1685254760,385
0x000007f4,1685254997,237
0x2000288f,1685255190,193
0x20002891,1685255531,341
0x20002893,1685255917,386
0x20002895,1685256302,385
0x20002897,1685256688,386
0x000007f6,1685256966,278
0x20002899,1685257159,193
0x2000289b,1685257459,300
0x2000289d,1685257844,385
0x2000289f,1685258230,386
0x200028a1,1685258615,385
0x000007f8,1685258935,320
0x200028a3,1685259128,193
0x200028a5,1685259386,258
0x200028a7,1685259772,386
0x200028a9,1685260157,385
0x200028ab,1685260543,386
0x000007fa,1685260904,361
0x200028ad,1685261097,193
0x200028af,1685261314,217
0x200028b1,1685261699,385
0x200028b3,1685262085,386
0x200028b5,1685262470,385
0x200028b7,1685262856,386
0x000007fc,1685263049,193
0x200028b9,1685263242,193
0x200028bb,1685263627,385
0x200028bd,1685264012,385
0x200028bf,1685264398,386
0x200028c1,1685264783,385
0x000007fe,1685264976,193
0x200028c3,1685265169,193
0x200028c5,1685265554,385
0x200028c7,1685265940,386
0x200028c9,1685266325,385
0x200028cb,1685266711,386
0x00000800,1685266904,193
0x200028cd,1685267097,193
0x200028cf,1685267482,385
0x200028d1,1685267867,385
0x200028d3,1685268253,386
0x200028d5,1685268638,385
0x00000802,1685268831,193
0x200028d7,1685269024,193
0x200028d9,1685269409,385
0x200028db,1685269795,386
0x200028dd,1685270180,385
0x200028df,1685270566,386
0x00000804,1685270759,193
0x200028e1,1685270952,193
0x200028e3,1685271337,385
0x200028e5,1685271722,385
0x200028e7,1685272108,386
0x200028e9,1685272493,385
0x00000806,1685272718,225
0x200028eb,1685272911,193
0x200028ed,1685273264,353
0x200028ef,1685273650,386
0x200028f1,1685274035,385
0x200028f3,1685274421,386
0x00000808,1685274687,266
0x200028f5,1685274880,193
0x200028f7,1685275192,312
0x200028f9,1685275577,385
0x200028fb,1685275963,386
0x200028fd,1685276348,385
0x0000080a,1685276656,308
0x200028ff,1685276849,193
0x20002901,1685277119,270
0x20002903,1685277505,386
0x20002905,1685277890,385
0x20002907,1685278276,386
0x0000080c,1685278625,349
0x20002909,1685278818,193
0x2000290b,1685279047,229
0x2000290d,1685279432,385
0x2000290f,1685279818,386
0x20002911,1685280203,385
0x20002913,1685280589,386
0x0000080e,1685280782,193
0x20002915,1685280975,193
0x20002917,1685281360,385
0x20002919,1685281745,385
0x2000291b,1685282131,386
0x2000291d,1685282516,385
0x00000810,1685282709,193
0x2000291f,1685282902,193
0x20002921,1685283287,385
0x20002923,1685283673,386
0x20002925,1685284058,385
0x20002927,1685284444,386
0x00000812,1685284637,193
0x20002929,1685284830,193
0x2000292b,1685285215,385
0x2000292d,1685285600,385
0x2000292f,1685285986,386
0x20002931,1685286371,385
0x00000814,1685286564,193
0x20002933,1685286757,193
0x20002935,1685287142,385
0x20002937,1685287528,386
0x20002939,1685287913,385
0x2000293b,1685288299,386
0x00000816,1685288492,193
0x2000293d,1685288685,193
0x2000293f,1685289070,385
0x20002941,1685289455,385
0x20002943,1685289841,386
0x20002945,1685290226,385
0x00000818,1685290439,213
0x20002947,1685290632,193
0x20002949,1685290997,365
0x2000294b,1685291383,386
0x2000294d,1685291768,385
0x2000294f,1685292154,386
0x0000081a,1685292408,254
0x20002951,1685292601,193
0x20002953,1685292925,324
0x20002955,1685293310,385
0x20002957,1685293696,386
0x20002959,1685294081,385
0x0000081c,1685294377,296
0x2000295b,1685294570,193
0x2000295d,1685294852,282
0x2000295f,1685295238,386
0x20002961,1685295623,385
0x20002963,1685296009,386
0x0000081e,1685296346,337
0x20002965,1685296539,193
0x20002967,1685296780,241
0x20002969,1685297165,385
0x2000296b,1685297551,386
0x2000296d,1685297936,385
0x00000820,1685298315,379
0x2000296f,1685298508,193
0x20002971,1685298707,199
0x20002973,1685299093,386
0x20002975,1685299478,385
0x20002977,1685299864,386
0x20002979,1685300249,385
0x00000822,1685300442,193
0x2000297b,1685300635,193
0x2000297d,1685301020,385
0x2000297f,1685301406,386
0x20002981,1685301791,385
0x20002983,1685302177,386
0x00000824,1685302370,193
0x20002985,1685302563,193
0x20002987,1685302948,385
0x20002989,1685303333,385
0x2000298b,1685303719,386
0x2000298d,1685304104,385
0x00000826,1685304297,193
0x2000298f,1685304490,193
0x20002991,1685304875,385
0x20002993,1685305261,386
0x20002995,1685305646,385
0x20002997,1685306032,386
0x00000828,1685306225,193
0x20002999,1685306418,193
0x2000299b,1685306803,385
0x2000299d,1685307188,385
0x2000299f,1685307574,386
0x200029a1,1685307959,385
0x0000082a,1685308160,201
0x200029a3,1685308353,193
0x200029a5,1685308730,377
0x200029a7,1685309116,386
0x200029a9,1685309501,385
0x200029ab,1685309887,386
0x0000082c,1685310129,242
0x200029ad,1685310322,193
0x200029af,1685310658,336
0x200029b1,1685311043,385
0x200029b3,1685311429,386
0x200029b5,1685311814,385
0x0000082e,1685312098,284
0x200029b7,1685312291,193
0x200029b9,1685312585,294
0x200029bb,1685312971,386
0x200029bd,1685313356,385
0x200029bf,1685313742,386
0x00000830,1685314067,325
0x200029c1,1685314260,193
0x200029c3,1685314513,253
0x200029c5,1685314898,385
0x200029c7,1685315284,386
0x200029c9,1685315669,385
0x00000832,1685316036,367
0x200029cb,1685316229,193
0x200029cd,1685316440,211
0x200029cf,1685316826,386
0x200029d1,1685317211,385
0x200029d3,1685317597,386
0x200029d5,1685317982,385
0x00000834,1685318175,193
0x200029d7,1685318368,193
0x200029d9,1685318753,385
0x200029db,1685319139,386
0x200029dd,1685319524,385
0x200029de,1685319910,386
0x00000836,1685320103,193
0x200029e0,1685320296,193
0x200029e2,1685320681,385
0x200029e4,1685321066,385
0x200029e6,1685321452,386
0x200029e8,1685321837,385
0x00000838,1685322030,193
0x200029ea,1685322223,193
0x200029ec,1685322608,385
0x200029ee,1685322994,386
0x200029f0,1685323379,385
0x200029f2,1685323765,386
0x0000083a,1685323958,193
0x200029f4,1685324151,193
0x200029f6,1685324536,385
0x200029f8,1685324921,385
0x200029fa,1685325307,386
0x200029fc,1685325692,385
0x0000083c,1685325885,193
0x200029fe,1685326078,193
0x20002a00,1685326463,385
0x20002a02,1685326849,386
0x20002a04,1685327234,385
0x20002a06,1685327620,386
0x0000083e,1685327850,230
0x20002a08,1685328043,193
0x20002a0a,1685328391,348
0x20002a0c,1685328776,385
0x20002a0e,1685329162,386
0x20002a10,1685329547,385
0x00000840,1685329819,272
0x20002a12,1685330012,193
0x20002a14,1685330318,306
0x20002a16,1685330704,386
0x20002a18,1685331089,385
0x20002a1a,1685331475,386
0x00000842,1685331788,313
0x20002a1c,1685331981,193
0x20002a1e,1685332246,265
0x20002a20,1685332631,385
0x20002a22,1685333017,386
0x20002a24,1685333402,385
0x00000844,1685333757,355
0x20002a26,1685333950,193
0x20002a28,1685334173,223
0x20002a2a,1685334559,386
0x20002a2c,1685334944,385
0x20002a2e,1685335330,386
0x20002a30,1685335715,385
0x00000846,1685335908,193
0x20002a32,1685336101,193
0x20002a34,1685336486,385
0x20002a36,1685336872,386
0x20002a38,1685337257,385
0x20002a3a,1685337643,386
0x00000848,1685337836,193
0x20002a3c,1685338029,193
0x20002a3e,1685338414,385
0x20002a40,1685338799,385
0x20002a42,1685339185,386
0x20002a44,1685339570,385
0x0000084a,1685339763,193
0x20002a46,1685339956,193
0x20002a48,1685340341,385
0x20002a4a,1685340727,386
0x20002a4c,1685341112,385
0x20002a4e,1685341498,386
0x0000084c,1685341691,193
0x20002a50,1685341884,193
0x20002a52,1685342269,385
0x20002a54,1685342654,385
0x20002a56,1685343040,386
0x20002a58,1685343425,385
0x0000084e,1685343618,193
0x20002a5a,1685343811,193
0x20002a5c,1685344196,385
0x20002a5e,1685344582,386
0x20002a60,1685344967,385
0x20002a62,1685345353,386
0x00000850,1685345571,218
0x20002a64,1685345764,193
0x20002a66,1685346124,360
0x20002a68,1685346509,385
0x20002a6a,1685346895,386
0x20002a6c,1685347280,385
0x00000852,1685347540,260
0x20002a6e,1685347733,193
0x20002a70,1685348051,318
0x20002a72,1685348437,386
0x20002a74,1685348822,385
0x20002a76,1685349208,386
0x00000854,1685349509,301
0x20002a78,1685349702,193
0x20002a7a,1685349979,277
0x20002a7c,1685350364,385
0x20002a7e,1685350750,386
0x20002a80,1685351135,385
0x00000856,1685351478,343
0x20002a82,1685351671,193
0x20002a84,1685351906,235
0x20002a86,1685352292,386
0x20002a88,1685352677,385
0x20002a8a,1685353063,386
0x00000858,1685353447,384
0x20002a8c,1685353640,193
0x20002a8e,1685353834,194
0x20002a90,1685354219,385
0x20002a92,1685354605,386
0x20002a94,1685354990,385
0x20002a96,1685355376,386
0x0000085a,1685355569,193
0x20002a98,1685355762,193
0x20002a9a,1685356147,385
0x20002a9c,1685356532,385
0x20002a9e,1685356918,386
0x20002aa0,1685357303,385
0x0000085c,1685357496,193
0x20002aa2,1685357689,193
0x20002aa4,1685358074,385
0x20002aa6,1685358460,386
0x20002aa8,1685358845,385
0x20002aaa,1685359231,386
0x0000085e,1685359424,193
0x20002aac,1685359617,193
0x20002aae,1685360002,385
0x20002ab0,1685360387,385
0x20002ab2,1685360773,386
0x20002ab4,1685361158,385
0x00000860,1685361351,193
0x20002ab6,1685361544,193
0x20002ab8,1685361929,385
0x20002aba,1685362315,386
0x20002abc,1685362700,385
0x20002abe,1685363086,386
0x00000862,1685363292,206
0x20002ac0,1685363485,193
0x20002ac2,1685363857,372
0x20002ac4,1685364242,385
0x20002ac6,1685364628,386
0x20002ac8,1685365013,385
0x00000864,1685365261,248
0x20002aca,1685365454,193
0x20002acc,1685365784,330
0x20002ace,1685366170,386
0x20002ad0,1685366555,385
0x20002ad2,1685366941,386
0x00000866,1685367230,289
0x20002ad4,1685367423,193
0x20002ad6,1685367712,289
0x20002ad8,1685368097,385
0x20002ada,1685368483,386
0x20002adc,1685368868,385
0x00000868,1685369199,331
0x20002ade,1685369392,193
0x20002ae0,1685369639,247
0x20002ae2,1685370025,386
0x20002ae4,1685370410,385
0x20002ae6,1685370796,386
0x0000086a,1685371168,372
0x20002ae8,1685371361,193
0x20002aea,1685371567,206
0x20002aec,1685371952,385
0x20002aee,1685372338,386
0x20002af0,1685372723,385
0x20002af2,1685373109,386
0x0000086c,1685373302,193
0x20002af4,1685373495,193
0x20002af6,1685373880,385
0x20002af8,1685374265,385
0x20002afa,1685374651,386
0x20002afc,1685375036,385
0x0000086e,1685375229,193
0x20002afe,1685375422,193
0x20002b00,1685375807,385
0x20002b02,1685376193,386
0x20002b04,1685376578,385
0x20002b06,1685376964,386
0x00000870,1685377157,193
0x20002b08,1685377350,193
0x20002b0a,1685377735,385
0x20002b0c,1685378120,385
0x20002b0e,1685378506,386
0x20002b10,1685378891,385
0x00000872,1685379084,193
0x20002b12,1685379277,193
0x20002b14,1685379662,385
0x20002b16,1685380048,386
0x20002b18,1685380433,385
0x20002b1a,1685380819,386
0x00000874,1685381013,194
0x20002b1c,1685381206,193
0x20002b1e,1685381590,384
0x20002b20,1685381975,385
0x20002b22,1685382361,386
0x20002b24,1685382746,385
0x00000876,1685382982,236
0x20002b26,1685383175,193
0x20002b28,1685383517,342
0x20002b2a,1685383903,386
0x20002b2c,1685384288,385
0x20002b2e,1685384674,386
0x00000878,1685384951,277
0x20002b30,1685385144,193
0x20002b32,1685385445,301
0x20002b34,1685385830,385
0x20002b36,1685386216,386
0x20002b38,1685386601,385
0x0000087a,1685386920,319
0x20002b3a,1685387113,193
0x20002b3c,1685387372,259
0x20002b3e,1685387758,386
0x20002b40,1685388143,385
0x20002b42,1685388529,386
0x0000087c,1685388889,360
0x20002b44,1685389082,193
0x20002b46,1685389300,218
0x20002b48,1685389685,385
0x20002b4a,1685390071,386
0x20002b4c,1685390456,385
0x20002b4e,1685390842,386
0x0000087e,1685391035,193
0x20002b50,1685391228,193
0x20002b52,1685391613,385
0x20002b54,1685391998,385
0x20002b56,1685392384,386
0x20002b58,1685392769,385
0x00000880,1685392962,193
0x20002b5a,1685393155,193
0x20002b5c,1685393540,385
0x20002b5e,1685393926,386
0x20002b60,1685394311,385
0x20002b62,1685394697,386
0x00000882,1685394890,193
0x20002b64,1685395083,193
0x20002b66,1685395468,385
0x20002b68,1685395853,385
0x20002b6a,1685396239,386
0x20002b6c,1685396624,385
0x00000884,1685396817,193
0x20002b6e,1685397010,193
0x20002b70,1685397395,385
0x20002b72,1685397781,386
0x20002b74,1685398166,385
0x20002b76,1685398552,386
0x00000886,1685398745,193
0x20002b78,1685398938,193
0x20002b7a,1685399323,385
0x20002b7c,1685399708,385
0x20002b7e,1685400094,386
0x20002b80,1685400479,385
0x00000888,1685400703,224
0x20002b82,1685400896,193
0x20002b84,1685401250,354
0x20002b86,1685401636,386
0x20002b88,1685402021,385
0x20002b8a,1685402407,386
0x0000088a,1685402672,265
0x20002b8c,1685402865,193
0x20002b8e,1685403177,312
0x20002b90,1685403562,385
0x20002b92,1685403948,386
0x20002b94,1685404333,385
0x0000088c,1685404640,307
0x20002b96,1685404833,193
0x20002b98,1685405104,271
0x20002b9a,1685405490,386
0x20002b9c,1685405875,385
0x20002b9e,1685406261,386
0x0000088e,1685406609,348
0x20002ba0,1685406802,193
0x20002ba2,1685407032,230
0x20002ba4,1685407417,385
0x20002ba6,1685407803,386
0x20002ba8,1685408188,385
0x20002baa,1685408574,386
0x00000890,1685408767,193
0x20002bac,1685408960,193
0x20002bae,1685409345,385
0x20002bb0,1685409730,385
0x20002bb2,1685410116,386
0x20002bb4,1685410501,385
0x00000892,1685410694,193
0x20002bb6,1685410887,193
0x20002bb8,1685411272,385
0x20002bba,1685411658,386
0x20002bbc,1685412043,385
0x20002bbe,1685412429,386
0x00000894,1685412622,193
0x20002bc0,1685412815,193
0x20002bc2,1685413200,385
0x20002bc4,1685413585,385
0x20002bc6,1685413971,386
0x20002bc8,1685414356,385
0x00000896,1685414549,193
0x20002bca,1685414742,193
0x20002bcc,1685415127,385
0x20002bce,1685415513,386
0x20002bd0,1685415898,385
0x20002bd2,1685416284,386
0x00000898,1685416477,193
0x20002bd4,1685416670,193
0x20002bd6,1685417055,385
0x20002bd8,1685417440,385
0x20002bda,1685417826,386
0x20002bdc,1685418211,385
0x0000089a,1685418424,213
0x20002bde,1685418617,193
0x20002be0,1685418982,365
0x20002be2,1685419368,386
0x20002be4,1685419753,385
0x20002be6,1685420139,386
0x0000089c,1685420393,254
0x20002be8,1685420586,193
0x20002bea,1685420910,324
0x20002bec,1685421295,385
0x20002bee,1685421681,386
0x20002bf0,1685422066,385
0x0000089e,1685422362,296
0x20002bf2,1685422555,193
0x20002bf4,1685422837,282
0x20002bf6,1685423223,386
0x20002bf8,1685423608,385
0x20002bfa,1685423994,386
0x000008a0,1685424331,337
0x20002bfc,1685424524,193
0x20002bfe,1685424765,241
0x20002c00,1685425150,385
0x20002c02,1685425536,386
0x20002c04,1685425921,385
0x000008a2,1685426300,379
0x20002c06,1685426493,193
0x20002c08,1685426692,199
0x20002c0a,1685427078,386
0x20002c0c,1685427463,385
0x20002c0e,1685427849,386
0x20002c10,1685428234,385
0x000008a4,1685428427,193
0x20002c12,1685428620,193
0x20002c14,1685429005,385
0x20002c16,1685429391,386
0x20002c18,1685429776,385
0x20002c1a,1685430162,386
0x000008a6,1685430355,193
0x20002c1c,1685430548,193
0x20002c1e,1685430933,385
0x20002c20,1685431318,385
0x20002c22,1685431704,386
0x20002c24,1685432089,385
0x000008a8,1685432282,193
0x20002c26,1685432475,193
0x20002c28,1685432860,385
0x20002c2a,1685433246,386
0x20002c2c,1685433631,385
0x20002c2e,1685434017,386
0x000008aa,1685434210,193
0x20002c30,1685434403,193
0x20002c32,1685434788,385
0x20002c34,1685435173,385
0x20002c36,1685435559,386
0x20002c38,1685435944,385
0x000008ac,1685436145,201
0x20002c3a,1685436338,193
0x20002c3c,1685436715,377
0x20002c3e,1685437101,386
0x20002c40,1685437486,385
0x20002c42,1685437872,386
0x000008ae,1685438114,242
0x20002c44,1685438307,193
0x20002c46,1685438643,336
0x20002c48,1685439028,385
0x20002c4a,1685439414,386
0x20002c4c,1685439799,385
0x000008b0,1685440083,284
0x20002c4e,1685440276,193
0x20002c50,1685440570,294
0x20002c52,1685440956,386
0x20002c54,1685441341,385
0x20002c56,1685441727,386
0x000008b2,1685442052,325
0x20002c58,1685442245,193
0x20002c5a,1685442498,253
0x20002c5c,1685442883,385
0x20002c5e,1685443269,386
0x20002c60,1685443654,385
0x000008b4,1685444021,367
0x20002c62,1685444214,193
0x20002c64,1685444425,211
0x20002c66,1685444811,386
0x20002c68,1685445196,385
0x20002c6a,1685445582,386
0x20002c6c,1685445967,385
0x000008b6,1685446160,193
0x20002c6e,1685446353,193
0x20002c70,1685446738,385
0x20002c72,1685447124,386
0x20002c74,1685447509,385
0x20002c76,1685447895,386
0x000008b8,1685448088,193
0x20002c78,1685448281,193
0x20002c7a,1685448666,385
0x20002c7c,1685449051,385
0x20002c7e,1685449437,386
0x20002c80,1685449822,385
0x000008ba,1685450015,193
0x20002c82,1685450208,193
0x20002c84,1685450593,385
0x20002c86,1685450979,386
0x20002c88,1685451364,385
0x20002c8a,1685451750,386
0x000008bc,1685451943,193
0x20002c8c,1685452136,193
0x20002c8e,1685452521,385
0x20002c90,1685452906,385
0x20002c92,1685453292,386
0x20002c94,1685453677,385
0x000008be,1685453870,193
0x20002c96,1685454063,193
0x20002c98,1685454448,385
0x20002c9a,1685454834,386
0x20002c9c,1685455219,385
0x20002c9e,1685455605,386
0x000008c0,1685455835,230
0x20002ca0,1685456028,193
0x20002ca2,1685456376,348
0x20002ca4,1685456761,385
0x20002ca6,1685457147,386
0x20002ca8,1685457532,385
0x000008c2,1685457804,272
0x20002caa,1685457997,193
0x20002cac,1685458303,306
0x20002cae,1685458689,386
0x20002cb0,1685459074,385
0x20002cb2,1685459460,386
0x000008c4,1685459773,313
0x20002cb4,1685459966,193
0x20002cb6,1685460231,265
0x20002cb8,1685460616,385
0x20002cba,1685461002,386
0x20002cbc,1685461387,385
0x000008c6,1685461742,355
0x20002cbe,1685461935,193
0x20002cc0,1685462158,223
0x20002cc2,1685462544,386
0x20002cc4,1685462929,385
0x20002cc6,1685463315,386
0x20002cc8,1685463700,385
0x000008c8,1685463893,193
0x20002cca,1685464086,193
0x20002ccc,1685464471,385
0x20002cce,1685464857,386
0x20002cd0,1685465242,385
0x20002cd2,1685465628,386
0x000008ca,1685465821,193
0x20002cd4,1685466014,193
0x20002cd6,1685466399,385
0x20002cd8,1685466784,385
0x20002cda,1685467170,386
0x20002cdc,1685467555,385
0x000008cc,1685467748,193
0x20002cdd,1685467941,193
0x20002cdf,1685468326,385
0x20002ce1,1685468712,386
0x20002ce3,1685469097,385
0x20002ce5,1685469483,386
0x000008ce,1685469676,193
0x20002ce7,1685469869,193
0x20002ce9,1685470254,385
0x20002ceb,1685470639,385
0x20002ced,1685471025,386
0x20002cef,1685471410,385
0x000008d0,1685471603,193
0x20002cf1,1685471796,193
0x20002cf3,1685472181,385
0x20002cf5,1685472567,386
0x20002cf7,1685472952,385
0x20002cf9,1685473338,386
0x000008d2,1685473556,218
0x20002cfb,1685473749,193
0x20002cfd,1685474109,360
0x20002cff,1685474494,385
0x20002d01,1685474880,386
0x20002d03,1685475265,385
0x000008d4,1685475525,260
0x20002d05,1685475718,193
0x20002d07,1685476036,318
0x20002d09,1685476422,386
0x20002d0b,1685476807,385
0x20002d0d,1685477193,386
0x000008d6,1685477494,301
0x20002d0f,1685477687,193
0x20002d11,1685477964,277
0x20002d13,1685478349,385
0x20002d15,1685478735,386
0x20002d17,1685479120,385
0x000008d8,1685479463,343
0x20002d19,1685479656,193
0x20002d1b,1685479891,235
0x20002d1d,1685480277,386
0x20002d1f,1685480662,385
0x20002d21,1685481048,386
0x000008da,1685481432,384
0x20002d23,1685481625,193
0x20002d25,1685481819,194
0x20002d27,1685482204,385
0x20002d29,1685482590,386
0x20002d2b,1685482975,385
0x20002d2d,1685483361,386
0x000008dc,1685483554,193
0x20002d2f,1685483747,193
0x20002d31,1685484132,385
0x20002d33,1685484517,385
0x20002d35,1685484903,386
0x20002d37,1685485288,385
0x000008de,1685485481,193
0x20002d39,1685485674,193
0x20002d3b,1685486059,385
0x20002d3d,1685486445,386
0x20002d3f,1685486830,385
0x20002d41,1685487216,386
0x000008e0,1685487409,193
0x20002d43,1685487602,193
0x20002d45,1685487987,385
0x20002d47,1685488372,385
0x20002d49,1685488758,386
0x20002d4b,1685489143,385
0x000008e2,1685489336,193
0x20002d4d,1685489529,193
0x20002d4f,1685489914,385
0x20002d51,1685490300,386
0x20002d53,1685490685,385
0x20002d55,1685491071,386
0x000008e4,1685491277,206
0x20002d57,1685491470,193
0x20002d59,1685491842,372
0x20002d5b,1685492227,385
0x20002d5d,1685492613,386
0x20002d5f,1685492998,385
0x000008e6,1685493246,248
0x20002d61,1685493439,193
0x20002d63,1685493769,330
0x20002d65,1685494155,386
0x20002d67,1685494540,385
0x20002d69,1685494926,386
0x000008e8,1685495215,289
0x20002d6b,1685495408,193
0x20002d6d,1685495697,289
0x20002d6f,1685496082,385
0x20002d71,1685496468,386
0x20002d73,1685496853,385
0x000008ea,1685497184,331
0x20002d75,1685497377,193
0x20002d77,1685497624,247
0x20002d79,1685498010,386
0x20002d7b,1685498395,385
0x20002d7d,1685498781,386
0x000008ec,1685499153,372
0x20002d7f,1685499346,193
0x20002d81,1685499552,206
0x20002d83,1685499937,385
0x20002d85,1685500323,386
0x20002d87,1685500708,385
0x20002d89,1685501094,386
0x000008ee,1685501287,193
0x20002d8b,1685501480,193
0x20002d8d,1685501865,385
0x20002d8f,1685502250,385
0x20002d91,1685502636,386
0x20002d93,1685503021,385
0x000008f0,1685503214,193
0x20002d95,1685503407,193
0x20002d97,1685503792,385
0x20002d99,1685504178,386
0x20002d9b,1685504563,385
0x20002d9d,1685504949,386
0x000008f2,1685505142,193
0x20002d9f,1685505335,193
0x20002da1,1685505720,385
0x20002da3,1685506105,385
0x20002da5,1685506491,386
0x20002da7,1685506876,385
0x000008f4,1685507069,193
0x20002da9,1685507262,193
0x20002dab,1685507647,385
0x20002dad,1685508033,386
0x20002daf,1685508418,385
0x20002db1,1685508804,386
0x000008f6,1685508998,194
0x20002db3,1685509191,193
0x20002db5,1685509575,384
0x20002db7,1685509960,385
0x20002db9,1685510346,386
0x20002dbb,1685510731,385
0x000008f8,1685510967,236
0x20002dbd,1685511160,193
0x20002dbf,1685511502,342
0x20002dc1,1685511888,386
0x20002dc3,1685512273,385
0x20002dc5,1685512659,386
0x000008fa,1685512936,277
0x20002dc7,1685513129,193
0x20002dc9,1685513430,301
0x20002dcb,1685513815,385
0x20002dcd,1685514201,386
0x20002dcf,1685514586,385
0x000008fc,1685514905,319
0x20002dd1,1685515098,193
0x20002dd3,1685515357,259
0x20002dd5,1685515743,386
0x20002dd7,1685516128,385
0x20002dd9,1685516514,386
0x000008fe,1685516874,360
0x20002ddb,1685517067,193
0x20002ddd,1685517285,218
0x20002ddf,1685517670,385
0x20002de1,1685518056,386
0x20002de3,1685518441,385
0x20002de5,1685518827,386
0x00000900,1685519020,193
0x20002de7,1685519213,193
0x20002de9,1685519598,385
0x20002deb,1685519983,385
0x20002ded,1685520369,386
0x20002def,1685520754,385
0x00000902,1685520947,193
0x20002df1,1685521140,193
0x20002df3,1685521525,385
0x20002df5,1685521911,386
0x20002df7,1685522296,385
0x20002df9,1685522682,386
0x00000904,1685522875,193
0x20002dfb,1685523068,193
0x20002dfd,1685523453,385
0x20002dff,1685523838,385
0x20002e01,1685524224,386
0x20002e03,1685524609,385
0x00000906,1685524802,193
0x20002e05,1685524995,193
0x20002e07,1685525380,385
0x20002e09,1685525766,386
0x20002e0b,1685526151,385
0x20002e0d,1685526537,386
0x00000908,1685526730,193
0x20002e0f,1685526923,193
0x20002e11,1685527308,385
0x20002e13,1685527693,385
0x20002e15,1685528079,386
0x20002e17,1685528464,385
0x0000090a,1685528688,224
0x20002e19,1685528881,193
0x20002e1b,1685529235,354
0x20002e1d,1685529621,386
0x20002e1f,1685530006,385
0x20002e21,1685530392,386
0x0000090c,1685530657,265
0x20002e23,1685530850,193
0x20002e25,1685531163,313
0x20002e27,1685531548,385
0x20002e29,1685531934,386
0x20002e2b,1685532319,385
0x0000090e,1685532626,307
0x20002e2d,1685532819,193
0x20002e2f,1685533090,271
0x20002e31,1685533476,386
0x20002e33,1685533861,385
0x20002e35,1685534247,386
0x00000910,1685534595,348
0x20002e37,1685534788,193
0x20002e39,1685535018,230
0x20002e3b,1685535403,385
0x20002e3d,1685535789,386
0x20002e3f,1685536174,385
0x20002e41,1685536560,386
0x00000912,1685536753,193
0x20002e43,1685536946,193
0x20002e45,1685537331,385
0x20002e47,1685537716,385
0x20002e49,1685538102,386
0x20002e4b,1685538487,385
0x00000914,1685538680,193
0x20002e4d,1685538873,193
0x20002e4f,1685539258,385
0x20002e51,1685539644,386
0x20002e53,1685540029,385
0x20002e55,1685540415,386
0x00000916,1685540608,193
0x20002e57,1685540801,193
0x20002e59,1685541186,385
0x20002e5b,1685541571,385
0x20002e5d,1685541957,386
0x20002e5f,1685542342,385
0x00000918,1685542535,193
0x20002e61,1685542728,193
0x20002e63,1685543113,385
0x20002e65,1685543499,386
0x20002e67,1685543884,385
0x20002e69,1685544270,386
0x0000091a,1685544463,193
0x20002e6b,1685544656,193
0x20002e6d,1685545041,385
0x20002e6f,1685545426,385
0x20002e71,1685545812,386
0x20002e73,1685546197,385
0x0000091c,1685546409,212
0x20002e75,1685546602,193
0x20002e77,1685546968,366
0x20002e79,1685547354,386
0x20002e7b,1685547739,385
0x20002e7d,1685548125,386
0x0000091e,1685548378,253
0x20002e7f,1685548571,193
0x20002e81,1685548896,325
0x20002e83,1685549281,385
0x20002e85,1685549667,386
0x20002e87,1685550052,385
0x00000920,1685550347,295
0x20002e89,1685550540,193
0x20002e8b,1685550823,283
0x20002e8d,1685551209,386
0x20002e8f,1685551594,385
0x20002e91,1685551980,386
0x00000922,1685552316,336
0x20002e93,1685552509,193
0x20002e95,1685552751,242
0x20002e97,1685553136,385
0x20002e99,1685553522,386
0x20002e9b,1685553907,385
0x00000924,1685554285,378
0x20002e9d,1685554478,193
0x20002e9f,1685554678,200
0x20002ea1,1685555064,386
0x20002ea3,1685555449,385
0x20002ea5,1685555835,386
0x20002ea7,1685556220,385
0x00000926,1685556413,193
0x20002ea9,1685556606,193
0x20002eab,1685556991,385
0x20002ead,1685557377,386
0x20002eaf,1685557762,385
0x20002eb1,1685558148,386
0x00000928,1685558341,193
0x20002eb3,1685558534,193
0x20002eb5,1685558919,385
0x20002eb7,1685559304,385
0x20002eb9,1685559690,386
0x20002ebb,1685560075,385
0x0000092a,1685560268,193
0x20002ebd,1685560461,193
0x20002ebf,1685560846,385
0x20002ec1,1685561232,386
0x20002ec3,1685561617,385
0x20002ec5,1685562003,386
0x0000092c,1685562196,193
0x20002ec7,1685562389,193
0x20002ec9,1685562774,385
0x20002ecb,1685563159,385
0x20002ecd,1685563545,386
0x20002ecf,1685563930,385
0x0000092e,1685564130,200
0x20002ed1,1685564323,193
0x20002ed3,1685564701,378
0x20002ed5,1685565087,386
0x20002ed7,1685565472,385
0x20002ed9,1685565858,386
0x00000930,1685566099,241
0x20002edb,1685566292,193
0x20002edd,1685566629,337
0x20002edf,1685567014,385
0x20002ee1,1685567400,386
0x20002ee3,1685567785,385
0x00000932,1685568068,283
0x20002ee5,1685568261,193
0x20002ee7,1685568556,295
0x20002ee9,1685568942,386
0x20002eeb,1685569327,385
0x20002eed,1685569713,386
0x00000934,1685570037,324
0x20002eef,1685570230,193
0x20002ef1,1685570484,254
0x20002ef3,1685570869,385
0x20002ef5,1685571255,386
0x20002ef7,1685571640,385
0x00000936,1685572006,366
0x20002ef9,1685572199,193
0x20002efb,1685572411,212
0x20002efd,1685572797,386
0x20002eff,1685573182,385
0x20002f01,1685573568,386
0x20002f03,1685573953,385
0x00000938,1685574146,193
0x20002f05,1685574339,193
0x20002f07,1685574724,385
0x20002f09,1685575110,386
0x20002f0b,1685575495,385
0x20002f0d,1685575881,386
0x0000093a,1685576074,193
0x20002f0f,1685576267,193
0x20002f11,1685576652,385
0x20002f13,1685577037,385
0x20002f15,1685577423,386
0x20002f17,1685577808,385
0x0000093c,1685578001,193
0x20002f19,1685578194,193
0x20002f1b,1685578579,385
0x20002f1d,1685578965,386
0x20002f1f,1685579350,385
0x20002f21,1685579736,386
0x0000093e,1685579929,193
0x20002f23,1685580122,193
0x20002f25,1685580507,385
0x20002f27,1685580892,385
0x20002f29,1685581278,386
0x20002f2b,1685581663,385
0x00000940,1685581856,193
0x20002f2d,1685582049,193
0x20002f2f,1685582434,385
0x20002f31,1685582820,386
0x20002f33,1685583205,385
0x20002f35,1685583591,386
0x00000942,1685583820,229
0x20002f37,1685584013,193
0x20002f39,1685584362,349
0x20002f3b,1685584747,385
0x20002f3d,1685585133,386
0x20002f3f,1685585518,385
0x00000944,1685585789,271
0x20002f41,1685585982,193
0x20002f43,1685586289,307
0x20002f45,1685586675,386
0x20002f47,1685587060,385
0x20002f49,1685587446,386
0x00000946,1685587758,312
0x20002f4b,1685587951,193
0x20002f4d,1685588217,266
0x20002f4f,1685588602,385
0x20002f51,1685588988,386
0x20002f53,1685589373,385
0x00000948,1685589727,354
0x20002f55,1685589920,193
0x20002f57,1685590144,224
0x20002f59,1685590530,386
0x20002f5b,1685590915,385
0x20002f5d,1685591301,386
0x20002f5f,1685591686,385
0x0000094a,1685591879,193
0x20002f61,1685592072,193
0x20002f63,1685592457,385
0x20002f65,1685592843,386
0x20002f67,1685593228,385
0x20002f69,1685593614,386
0x0000094c,1685593807,193
0x20002f6b,1685594000,193
0x20002f6d,1685594385,385
0x20002f6f,1685594770,385
0x20002f71,1685595156,386
0x20002f73,1685595541,385
0x0000094e,1685595734,193
0x20002f75,1685595927,193
0x20002f77,1685596312,385
0x20002f79,1685596698,386
0x20002f7b,1685597083,385
0x20002f7d,1685597469,386
0x00000950,1685597662,193
0x20002f7f,1685597855,193
0x20002f81,1685598240,385
0x20002f83,1685598625,385
0x20002f85,1685599011,386
0x20002f87,1685599396,385
0x00000952,1685599589,193
0x20002f89,1685599782,193
0x20002f8b,1685600167,385
0x20002f8d,1685600553,386
0x20002f8f,1685600938,385
0x20002f91,1685601324,386
0x00000954,1685601541,217
0x20002f93,1685601734,193
0x20002f95,1685602095,361
0x20002f97,1685602480,385
0x20002f99,1685602866,386
0x20002f9b,1685603251,385
0x00000956,1685603510,259
0x20002f9d,1685603703,193
0x20002f9f,1685604022,319
0x20002fa1,1685604408,386
0x20002fa3,1685604793,385
0x20002fa5,1685605179,386
0x00000958,1685605479,300
0x20002fa7,1685605672,193
0x20002fa9,1685605950,278
0x20002fab,1685606335,385
0x20002fad,1685606721,386
0x20002faf,1685607106,385
0x0000095a,1685607448,342
0x20002fb1,1685607641,193
0x20002fb3,1685607877,236
0x20002fb5,1685608263,386
0x20002fb7,1685608648,385
0x20002fb9,1685609034,386
0x0000095c,1685609417,383
0x20002fbb,1685609610,193
0x20002fbd,1685609805,195
0x20002fbf,1685610190,385
0x20002fc1,1685610576,386
0x20002fc3,1685610961,385
0x20002fc5,1685611347,386
0x0000095e,1685611540,193
0x20002fc7,1685611733,193
0x20002fc9,1685612118,385
0x20002fcb,1685612503,385
0x20002fcd,1685612889,386
0x20002fcf,1685613274,385
0x00000960,1685613467,193
0x20002fd1,1685613660,193
0x20002fd3,1685614045,385
0x20002fd5,1685614431,386
0x20002fd7,1685614816,385
0x20002fd9,1685615202,386
0x00000962,1685615395,193
0x20002fdb,1685615588,193
0x20002fdd,1685615973,385
0x20002fdf,1685616358,385
0x20002fe0,1685616744,386
0x20002fe2,1685617129,385
0x00000964,1685617322,193
0x20002fe4,1685617515,193
0x20002fe6,1685617900,385
0x20002fe8,1685618286,386
0x20002fea,1685618671,385
0x20002fec,1685619057,386
0x00000966,1685619262,205
0x20002fee,1685619455,193
0x20002ff0,1685619828,373
0x20002ff2,1685620213,385
0x20002ff4,1685620599,386
0x20002ff6,1685620984,385
0x00000968,1685621231,247
0x20002ff8,1685621424,193
0x20002ffa,1685621755,331
0x20002ffc,1685622141,386
0x20002ffe,1685622526,385
0x20003000,1685622912,386
0x0000096a,1685623200,288
0x20003002,1685623393,193
0x20003004,1685623683,290
0x20003006,1685624068,385
0x20003008,1685624454,386
0x2000300a,1685624839,385
0x0000096c,1685625169,330
0x2000300c,1685625362,193
0x2000300e,1685625610,248
0x20003010,1685625996,386
0x20003012,1685626381,385
0x20003014,1685626767,386
0x0000096e,1685627138,371
0x20003016,1685627331,193
0x20003018,1685627538,207
0x2000301a,1685627923,385
0x2000301c,1685628309,386
0x2000301e,1685628694,385
0x20003020,1685629080,386
0x00000970,1685629273,193
0x20003022,1685629466,193
0x20003024,1685629851,385
0x20003026,1685630236,385
0x20003028,1685630622,386
0x2000302a,1685631007,385
0x00000972,1685631200,193
0x2000302c,1685631393,193
0x2000302e,1685631778,385
0x20003030,1685632164,386
0x20003032,1685632549,385
0x20003034,1685632935,386
0x00000974,1685633128,193
0x20003036,1685633321,193
0x20003038,1685633706,385
0x2000303a,1685634090,384
0x2000303c,1685634476,386
0x2000303e,1685634861,385
0x00000976,1685635054,193
0x20003040,1685635247,193
0x20003042,1685635632,385
0x20003044,1685636018,386
0x20003046,1685636403,385
0x20003048,1685636789,386
0x00000978,1685636982,193
0x2000304a,1685637175,193
0x2000304c,1685637560,385
0x2000304e,1685637945,385
0x20003050,1685638331,386
0x20003052,1685638716,385
0x0000097a,1685638951,235
0x20003054,1685639144,193
0x20003056,1685639487,343
0x20003058,1685639873,386
0x2000305a,1685640258,385
0x2000305c,1685640644,386
0x0000097c,1685640920,276
0x2000305e,1685641113,193
0x20003060,1685641415,302
0x20003062,1685641800,385
0x20003064,1685642186,386
0x20003066,1685642571,385
0x0000097e,1685642889,318
0x20003068,1685643082,193
0x2000306a,1685643342,260
0x2000306c,1685643728,386
0x2000306e,1685644113,385
0x20003070,1685644499,386
0x00000980,1685644858,359
0x20003072,1685645051,193
0x20003074,1685645270,219
0x20003076,1685645655,385
0x20003078,1685646041,386
0x2000307a,1685646426,385
0x2000307c,1685646812,386
0x00000982,1685647005,193
0x2000307e,1685647198,193
0x20003080,1685647583,385
0x20003082,1685647968,385
0x20003084,1685648354,386
0x20003086,1685648739,385
0x00000984,1685648932,193
0x20003088,1685649125,193
0x2000308a,1685649510,385
0x2000308c,1685649896,386
0x2000308e,1685650281,385
0x20003090,1685650667,386
0x00000986,1685650860,193
0x20003092,1685651053,193
0x20003094,1685651438,385
0x20003096,1685651823,385
0x20003098,1685652209,386
0x2000309a,1685652594,385
0x00000988,1685652787,193
0x2000309c,1685652980,193
0x2000309e,1685653365,385
0x200030a0,1685653751,386
0x200030a2,1685654136,385
0x200030a4,1685654522,386
0x0000098a,1685654715,193
0x200030a6,1685654908,193
0x200030a8,1685655293,385
0x200030aa,1685655678,385
0x200030ac,1685656064,386
0x200030ae,1685656449,385
0x0000098c,1685656673,224
0x200030b0,1685656866,193
0x200030b2,1685657220,354
0x200030b4,1685657606,386
0x200030b6,1685657991,385
0x200030b8,1685658377,386
0x0000098e,1685658642,265
0x200030ba,1685658835,193
0x200030bc,1685659148,313
0x200030be,1685659533,385
0x200030c0,1685659919,386
0x200030c2,1685660304,385
0x00000990,1685660611,307
0x200030c4,1685660804,193
0x200030c6,1685661075,271
0x200030c8,1685661461,386
0x200030ca,1685661846,385
0x200030cc,1685662232,386
0x00000992,1685662580,348
0x200030ce,1685662773,193
0x200030d0,1685663003,230
0x200030d2,1685663388,385
0x200030d4,1685663774,386
0x200030d6,1685664159,385
0x200030d8,1685664545,386
0x00000994,1685664738,193
0x200030da,1685664931,193
0x200030dc,1685665316,385
0x200030de,1685665701,385
0x200030e0,1685666087,386
0x200030e2,1685666472,385
0x00000996,1685666665,193
0x200030e4,1685666858,193
0x200030e6,1685667243,385
0x200030e8,1685667629,386
0x200030ea,1685668014,385
0x200030ec,1685668400,386
0x00000998,1685668593,193
0x200030ee,1685668786,193
0x200030f0,1685669171,385
0x200030f2,1685669556,385
0x200030f4,1685669942,386
0x200030f6,1685670327,385
0x0000099a,1685670520,193
0x200030f8,1685670713,193
0x200030fa,1685671098,385
0x200030fc,1685671484,386
0x200030fe,1685671869,385
0x20003100,1685672255,386
0x0000099c,1685672448,193
0x20003102,1685672641,193
0x20003104,1685673026,385
0x20003106,1685673411,385
0x20003108,1685673797,386
0x2000310a,1685674182,385
0x0000099e,1685674394,212
0x2000310c,1685674587,193
0x2000310e,1685674953,366
0x20003110,1685675339,386
0x20003112,1685675724,385
0x20003114,1685676110,386
0x000009a0,1685676363,253
0x20003116,1685676556,193
0x20003118,1685676881,325
0x2000311a,1685677266,385
0x2000311c,1685677652,386
0x2000311e,1685678037,385
0x000009a2,1685678332,295
0x20003120,1685678525,193
0x20003122,1685678808,283
0x20003124,1685679194,386
0x20003126,1685679579,385
0x20003128,1685679965,386
0x000009a4,1685680301,336
0x2000312a,1685680494,193
0x2000312c,1685680736,242
0x2000312e,1685681121,385
0x20003130,1685681507,386
0x20003132,1685681892,385
0x000009a6,1685682270,378
0x20003134,1685682463,193
0x20003136,1685682663,200
0x20003138,1685683049,386
0x2000313a,1685683434,385
0x2000313c,1685683820,386
0x2000313e,1685684205,385
0x000009a8,1685684398,193
0x20003140,1685684591,193
0x20003142,1685684976,385
0x20003144,1685685362,386
0x20003146,1685685747,385
0x20003148,1685686133,386
0x000009aa,1685686326,193
0x2000314a,1685686519,193
0x2000314c,1685686904,385
0x2000314e,1685687289,385
0x20003150,1685687675,386
0x20003152,1685688060,385
0x000009ac,1685688253,193
0x20003154,1685688446,193
0x20003156,1685688831,385
0x20003158,1685689217,386
0x2000315a,1685689602,385
0x2000315c,1685689988,386
0x000009ae,1685690181,193
0x2000315e,1685690374,193
0x20003160,1685690759,385
0x20003162,1685691144,385
0x20003164,1685691530,386
0x20003166,1685691915,385
0x000009b0,1685692115,200
0x20003168,1685692308,193
0x2000316a,1685692686,378
0x2000316c,1685693072,386
0x2000316e,1685693457,385
0x20003170,1685693843,386
0x000009b2,1685694084,241
0x20003172,1685694277,193
0x20003174,1685694614,337
0x20003176,1685694999,385
0x20003178,1685695385,386
0x2000317a,1685695770,385
0x000009b4,1685696053,283
0x2000317c,1685696246,193
0x2000317e,1685696541,295
0x20003180,1685696927,386
0x20003182,1685697312,385
0x20003184,1685697698,386
0x000009b6,1685698022,324
0x20003186,1685698215,193
0x20003188,1685698469,254
0x2000318a,1685698854,385
0x2000318c,1685699240,386
0x2000318e,1685699625,385
0x000009b8,1685699991,366
0x20003190,1685700184,193
0x20003192,1685700396,212
0x20003194,1685700782,386
0x20003196,1685701167,385
0x20003198,1685701553,386
0x2000319a,1685701938,385
0x000009ba,1685702131,193
0x2000319c,1685702324,193
0x2000319e,1685702709,385
0x200031a0,1685703095,386
0x200031a2,1685703480,385
0x200031a4,1685703866,386
0x000009bc,1685704059,193
0x200031a6,1685704252,193
0x200031a8,1685704637,385
0x200031aa,1685705022,385
0x200031ac,1685705408,386
0x200031ae,1685705793,385
0x000009be,1685705986,193
0x200031b0,1685706179,193
0x200031b2,1685706564,385
0x200031b4,1685706950,386
0x200031b6,1685707335,385
0x200031b8,1685707721,386
0x000009c0,1685707914,193
0x200031ba,1685708107,193
0x200031bc,1685708492,385
0x200031be,1685708877,385
0x200031c0,1685709263,386
0x200031c2,1685709648,385
0x000009c2,1685709841,193
0x200031c4,1685710034,193
0x200031c6,1685710419,385
0x200031c8,1685710805,386
0x200031ca,1685711190,385
0x200031cc,1685711576,386
0x000009c4,1685711805,229
0x200031ce,1685711998,193
0x200031d0,1685712347,349
0x200031d2,1685712732,385
0x200031d4,1685713118,386
0x200031d6,1685713503,385
0x000009c6,1685713774,271
0x200031d8,1685713967,193
0x200031da,1685714274,307
0x200031dc,1685714660,386
0x200031de,1685715045,385
0x200031e0,1685715431,386
0x000009c8,1685715743,312
0x200031e2,1685715936,193
0x200031e4,1685716202,266
0x200031e6,1685716587,385
0x200031e8,1685716973,386
0x200031ea,1685717358,385
0x000009ca,1685717712,354
0x200031ec,1685717905,193
0x200031ee,1685718129,224
0x200031f0,1685718515,386
0x200031f2,1685718900,385
0x200031f4,1685719286,386
0x200031f6,1685719671,385
0x000009cc,1685719864,193
0x200031f8,1685720057,193
0x200031fa,1685720442,385
0x200031fc,1685720828,386
0x200031fe,1685721213,385
0x20003200,1685721599,386
0x000009ce,1685721792,193
0x20003202,1685721985,193
0x20003204,1685722370,385
0x20003206,1685722755,385
0x20003208,1685723141,386
0x2000320a,1685723526,385
0x000009d0,1685723719,193
0x2000320c,1685723912,193
0x2000320e,1685724297,385
0x20003210,1685724683,386
0x20003212,1685725068,385
0x20003214,1685725454,386
0x000009d2,1685725647,193
0x20003216,1685725840,193
0x20003218,1685726225,385
0x2000321a,1685726610,385
0x2000321c,1685726996,386
0x2000321e,1685727381,385
0x000009d4,1685727574,193
0x20003220,1685727767,193
0x20003222,1685728152,385
0x20003224,1685728538,386
0x20003226,1685728923,385
0x20003228,1685729309,386
0x000009d6,1685729526,217
0x2000322a,1685729719,193
0x2000322c,1685730080,361
0x2000322e,1685730465,385
0x20003230,1685730851,386
0x20003232,1685731236,385
0x000009d8,1685731495,259
0x20003234,1685731688,193
0x20003236,1685732007,319
0x20003238,1685732393,386
0x2000323a,1685732778,385
0x2000323c,1685733164,386
0x000009da,1685733464,300
0x2000323e,1685733657,193
0x20003240,1685733935,278
0x20003242,1685734320,385
0x20003244,1685734706,386
0x20003246,1685735091,385
0x000009dc,1685735433,342
0x20003248,1685735626,193
0x2000324a,1685735862,236
0x2000324c,1685736248,386
0x2000324e,1685736633,385
0x20003250,1685737019,386
0x000009de,1685737402,383
0x20003252,1685737595,193
0x20003254,1685737790,195
0x20003256,1685738175,385
0x20003258,1685738561,386
0x2000325a,1685738946,385
0x2000325c,1685739332,386
0x000009e0,1685739525,193
0x2000325e,1685739718,193
0x20003260,1685740103,385
0x20003262,1685740488,385
0x20003264,1685740874,386
0x20003266,1685741259,385
0x000009e2,1685741452,193
0x20003268,1685741645,193
0x2000326a,1685742030,385
0x2000326c,1685742416,386
0x2000326e,1685742801,385
0x20003270,1685743187,386
0x000009e4,1685743380,193
0x20003272,1685743573,193
0x20003274,1685743958,385
0x20003276,1685744343,385
0x20003278,1685744729,386
0x2000327a,1685745114,385
0x000009e6,1685745307,193
0x2000327c,1685745500,193
0x2000327e,1685745885,385
0x20003280,1685746271,386
0x20003282,1685746656,385
0x20003284,1685747042,386
0x000009e8,1685747247,205
0x20003286,1685747440,193
0x20003288,1685747813,373
0x2000328a,1685748198,385
0x2000328c,1685748584,386
0x2000328e,1685748969,385
0x000009ea,1685749216,247
0x20003290,1685749409,193
0x20003292,1685749740,331
0x20003294,1685750126,386
0x20003296,1685750511,385
0x20003298,1685750897,386
0x000009ec,1685751185,288
0x2000329a,1685751378,193
0x2000329c,1685751668,290
0x2000329e,1685752053,385
0x200032a0,1685752439,386
0x200032a2,1685752824,385
0x000009ee,1685753154,330
0x200032a4,1685753347,193
0x200032a6,1685753595,248
0x200032a8,1685753981,386
0x200032aa,1685754366,385
0x200032ac,1685754752,386
0x000009f0,1685755123,371
0x200032ae,1685755316,193
0x200032b0,1685755523,207
0x200032b2,1685755908,385
0x200032b4,1685756294,386
0x200032b6,1685756679,385
0x200032b8,1685757065,386
0x000009f2,1685757258,193
0x200032ba,1685757451,193
0x200032bc,1685757836,385
0x200032be,1685758221,385
0x200032c0,1685758607,386
0x200032c2,1685758992,385
0x000009f4,1685759185,193
0x200032c4,1685759378,193
0x200032c6,1685759763,385
0x200032c8,1685760149,386
0x200032ca,1685760534,385
0x200032cc,1685760920,386
0x000009f6,1685761113,193
0x200032ce,1685761306,193
0x200032d0,1685761691,385
0x200032d2,1685762076,385
0x200032d4,1685762462,386
0x200032d6,1685762847,385
0x000009f8,1685763040,193
0x200032d8,1685763233,193
0x200032da,1685763618,385
0x200032dc,1685764004,386
0x200032de,1685764389,385
0x200032df,1685764775,386
0x000009fa,1685764968,193
0x200032e1,1685765161,193
0x200032e3,1685765546,385
0x200032e5,1685765931,385
0x200032e7,1685766317,386
0x200032e9,1685766702,385
0x000009fc,1685766937,235
0x200032eb,1685767130,193
0x200032ed,1685767473,343
0x200032ef,1685767859,386
0x200032f1,1685768244,385
0x200032f3,1685768630,386
0x000009fe,1685768906,276
0x200032f5,1685769099,193
0x200032f7,1685769401,302
0x200032f9,1685769786,385
0x200032fb,1685770172,386
0x200032fd,1685770557,385
0x00000a00,1685770875,318
0x200032ff,1685771068,193
0x20003301,1685771328,260
0x20003303,1685771714,386
0x20003305,1685772099,385
0x20003307,1685772485,386
0x00000a02,1685772844,359
0x20003309,1685773037,193
0x2000330b,1685773256,219
0x2000330d,1685773641,385
0x2000330f,1685774027,386
0x20003311,1685774412,385
0x20003313,1685774798,386
0x00000a04,1685774991,193
0x20003315,1685775184,193
0x20003317,1685775569,385
0x20003319,1685775954,385
0x2000331b,1685776340,386
0x2000331d,1685776725,385
0x00000a06,1685776918,193
0x2000331f,1685777111,193
0x20003321,1685777496,385
0x20003323,1685777882,386
0x20003325,1685778267,385
0x20003327,1685778653,386
0x00000a08,1685778846,193
0x20003329,1685779039,193
0x2000332b,1685779424,385
0x2000332d,1685779809,385
0x2000332f,1685780195,386
0x20003331,1685780580,385
0x00000a0a,1685780773,193
0x20003333,1685780966,193
0x20003335,1685781351,385
0x20003337,1685781737,386
0x20003339,1685782122,385
0x2000333b,1685782508,386
0x00000a0c,1685782701,193
0x2000333d,1685782894,193
0x2000333f,1685783279,385
0x20003341,1685783664,385
0x20003343,1685784050,386
0x20003345,1685784435,385
0x00000a0e,1685784658,223
0x20003347,1685784851,193
0x20003349,1685785206,355
0x2000334b,1685785592,386
0x2000334d,1685785977,385
0x2000334f,1685786363,386
0x00000a10,1685786627,264
0x20003351,1685786820,193
0x20003353,1685787134,314
0x20003355,1685787519,385
0x20003357,1685787905,386
0x20003359,1685788290,385
0x00000a12,1685788596,306
0x2000335b,1685788789,193
0x2000335d,1685789061,272
0x2000335f,1685789447,386
0x20003361,1685789832,385
0x20003363,1685790218,386
0x00000a14,1685790565,347
0x20003365,1685790758,193
0x20003367,1685790989,231
0x20003369,1685791374,385
0x2000336b,1685791760,386
0x2000336d,1685792145,385
0x2000336f,1685792531,386
0x00000a16,1685792724,193
0x20003371,1685792917,193
0x20003373,1685793302,385
0x20003375,1685793687,385
0x20003377,1685794073,386
0x20003379,1685794458,385
0x00000a18,1685794651,193
0x2000337b,1685794844,193
0x2000337d,1685795229,385
0x2000337f,1685795615,386
0x20003381,1685796000,385
0x20003383,1685796386,386
0x00000a1a,1685796579,193
0x20003385,1685796772,193
0x20003387,1685797157,385
0x20003389,1685797542,385
0x2000338b,1685797928,386
0x2000338d,1685798313,385
0x00000a1c,1685798506,193
0x2000338f,1685798699,193
0x20003391,1685799084,385
0x20003393,1685799470,386
0x20003395,1685799855,385
0x20003397,1685800241,386
0x00000a1e,1685800434,193
0x20003399,1685800627,193
0x2000339b,1685801012,385
0x2000339d,1685801397,385
0x2000339f,1685801783,386
0x200033a1,1685802168,385
0x00000a20,1685802379,211
0x200033a3,1685802572,193
0x200033a5,1685802939,367
0x200033a7,1685803325,386
0x200033a9,1685803710,385
0x200033ab,1685804096,386
0x00000a22,1685804348,252
0x200033ad,1685804541,193
0x200033af,1685804867,326
0x200033b1,1685805252,385
0x200033b3,1685805638,386
0x200033b5,1685806023,385
0x00000a24,1685806317,294
0x200033b7,1685806510,193
0x200033b9,1685806794,284
0x200033bb,1685807180,386
0x200033bd,1685807565,385
0x200033bf,1685807951,386
0x00000a26,1685808286,335
0x200033c1,1685808479,193
0x200033c3,1685808722,243
0x200033c5,1685809107,385
0x200033c7,1685809493,386
0x200033c9,1685809878,385
0x00000a28,1685810255,377
0x200033cb,1685810448,193
0x200033cd,1685810649,201
0x200033cf,1685811035,386
0x200033d1,1685811420,385
0x200033d3,1685811806,386
0x200033d5,1685812191,385
0x00000a2a,1685812384,193
0x200033d7,1685812577,193
0x200033d9,1685812962,385
0x200033db,1685813348,386
0x200033dd,1685813733,385
0x200033df,1685814119,386
0x00000a2c,1685814312,193
0x200033e1,1685814505,193
0x200033e3,1685814890,385
0x200033e5,1685815275,385
0x200033e7,1685815661,386
0x200033e9,1685816046,385
0x00000a2e,1685816239,193
0x200033eb,1685816432,193
0x200033ed,1685816817,385
0x200033ef,1685817203,386
0x200033f1,1685817588,385
0x200033f3,1685817974,386
0x00000a30,1685818167,193
0x200033f5,1685818360,193
0x200033f7,1685818745,385
0x200033f9,1685819130,385
0x200033fb,1685819516,386
0x200033fd,1685819901,385
0x00000a32,1685820100,199
0x200033ff,1685820293,193
0x20003401,1685820672,379
0x20003403,1685821058,386
0x20003405,1685821443,385
0x20003407,1685821829,386
0x00000a34,1685822069,240
0x20003409,1685822262,193
0x2000340b,1685822600,338
0x2000340d,1685822985,385
0x2000340f,1685823371,386
0x20003411,1685823756,385
0x00000a36,1685824038,282
0x20003413,1685824231,193
0x20003415,1685824527,296
0x20003417,1685824913,386
0x20003419,1685825298,385
0x2000341b,1685825684,386
0x00000a38,1685826007,323
0x2000341d,1685826200,193
0x2000341f,1685826455,255
0x20003421,1685826840,385
0x20003423,1685827226,386
0x20003425,1685827611,385
0x00000a3a,1685827976,365
0x20003427,1685828169,193
0x20003429,1685828382,213
0x2000342b,1685828768,386
0x2000342d,1685829153,385
0x2000342f,1685829539,386
0x20003431,1685829924,385
0x00000a3c,1685830117,193
0x20003433,1685830310,193
0x20003435,1685830695,385
0x20003437,1685831081,386
0x20003439,1685831466,385
0x2000343b,1685831852,386
0x00000a3e,1685832045,193
0x2000343d,1685832238,193
0x2000343f,1685832623,385
0x20003441,1685833008,385
0x20003443,1685833394,386
0x20003445,1685833779,385
0x00000a40,1685833972,193
0x20003447,1685834165,193
0x20003449,1685834550,385
0x2000344b,1685834936,386
0x2000344d,1685835321,385
0x2000344f,1685835707,386
0x00000a42,1685835900,193
0x20003451,1685836093,193
0x20003453,1685836478,385
0x20003455,1685836863,385
0x20003457,1685837249,386
0x20003459,1685837634,385
0x00000a44,1685837827,193
0x2000345b,1685838020,193
0x2000345d,1685838405,385
0x2000345f,1685838791,386
0x20003461,1685839176,385
0x20003463,1685839562,386
0x00000a46,1685839790,228
0x20003465,1685839983,193
0x20003467,1685840333,350
0x20003469,1685840718,385
0x2000346b,1685841104,386
0x2000346d,1685841489,385
0x00000a48,1685841759,270
0x2000346f,1685841952,193
0x20003471,1685842260,308
0x20003473,1685842646,386
0x20003475,1685843031,385
0x20003477,1685843417,386
0x00000a4a,1685843728,311
0x20003479,1685843921,193
0x2000347b,1685844188,267
0x2000347d,1685844573,385
0x2000347f,1685844959,386
0x20003481,1685845344,385
0x00000a4c,1685845697,353
0x20003483,1685845890,193
0x20003485,1685846115,225
0x20003487,1685846501,386
0x20003489,1685846886,385
0x2000348b,1685847272,386
0x2000348d,1685847657,385
0x00000a4e,1685847850,193
0x2000348f,1685848043,193
0x20003491,1685848428,385
0x20003493,1685848814,386
0x20003495,1685849199,385
0x20003497,1685849585,386
0x00000a50,1685849778,193
0x20003499,1685849971,193
0x2000349b,1685850356,385
0x2000349d,1685850741,385
0x2000349f,1685851127,386
0x200034a1,1685851512,385
0x00000a52,1685851705,193
0x200034a3,1685851898,193
0x200034a5,1685852283,385
0x200034a7,1685852669,386
0x200034a9,1685853054,385
0x200034ab,1685853440,386
0x00000a54,1685853633,193
0x200034ad,1685853826,193
0x200034af,1685854211,385
0x200034b1,1685854596,385
0x200034b3,1685854982,386
0x200034b5,1685855367,385
0x00000a56,1685855560,193
0x200034b7,1685855753,193
0x200034b9,1685856138,385
0x200034bb,1685856524,386
0x200034bd,1685856909,385
0x200034bf,1685857295,386
0x00000a58,1685857511,216
0x200034c1,1685857704,193
0x200034c3,1685858066,362
0x200034c5,1685858451,385
0x200034c7,1685858837,386
0x200034c9,1685859222,385
0x00000a5a,1685859480,258
0x200034cb,1685859673,193
0x200034cd,1685859993,320
0x200034cf,1685860379,386
0x200034d1,1685860764,385
0x200034d3,1685861150,386
0x00000a5c,1685861449,299
0x200034d5,1685861642,193
0x200034d7,1685861921,279
0x200034d9,1685862306,385
0x200034db,1685862692,386
0x200034dd,1685863077,385
0x00000a5e,1685863418,341
0x200034df,1685863611,193
0x200034e1,1685863848,237
0x200034e3,1685864234,386
0x200034e5,1685864619,385
0x200034e7,1685865004,385
0x00000a60,1685865386,382
0x200034e9,1685865579,193
0x200034eb,1685865775,196
0x200034ed,1685866160,385
0x200034ef,1685866546,386
0x200034f1,1685866931,385
0x200034f3,1685867317,386
0x00000a62,1685867510,193
0x200034f5,1685867703,193
0x200034f7,1685868088,385
0x200034f9,1685868473,385
0x200034fb,1685868859,386
0x200034fd,1685869244,385
0x00000a64,1685869437,193
0x200034ff,1685869630,193
0x20003501,1685870015,385
0x20003503,1685870401,386
0x20003505,1685870786,385
0x20003507,1685871172,386
0x00000a66,1685871365,193
0x20003509,1685871558,193
0x2000350b,1685871943,385
0x2000350d,1685872328,385
0x2000350f,1685872714,386
0x20003511,1685873099,385
0x00000a68,1685873292,193
0x20003513,1685873485,193
0x20003515,1685873870,385
0x20003517,1685874256,386
0x20003519,1685874641,385
0x2000351b,1685875027,386
0x00000a6a,1685875231,204
0x2000351d,1685875424,193
0x2000351f,1685875798,374
0x20003521,1685876183,385
0x20003523,1685876569,386
0x20003525,1685876954,385
0x00000a6c,1685877200,246
0x20003527,1685877393,193
0x20003529,1685877725,332
0x2000352b,1685878111,386
0x2000352d,1685878496,385
0x2000352f,1685878882,386
0x00000a6e,1685879169,287
0x20003531,1685879362,193
0x20003533,1685879653,291
0x20003535,1685880038,385
0x20003537,1685880424,386
0x20003539,1685880809,385
0x00000a70,1685881139,330
0x2000353b,1685881332,193
0x2000353d,1685881580,248
0x2000353f,1685881966,386
0x20003541,1685882351,385
0x20003543,1685882737,386
0x00000a72,1685883108,371
0x20003545,1685883301,193
0x20003547,1685883508,207
0x20003549,1685883893,385
0x2000354b,1685884279,386
0x2000354d,1685884664,385
0x2000354f,1685885050,386
0x00000a74,1685885243,193
0x20003551,1685885436,193
0x20003553,1685885821,385
0x20003555,1685886206,385
0x20003557,1685886592,386
0x20003559,1685886977,385
0x00000a76,1685887170,193
0x2000355b,1685887363,193
0x2000355d,1685887748,385
0x2000355f,1685888134,386
0x20003561,1685888519,385
0x20003563,1685888905,386
0x00000a78,1685889098,193
0x20003565,1685889291,193
0x20003567,1685889676,385
0x20003569,1685890061,385
0x2000356b,1685890447,386
0x2000356d,1685890832,385
0x00000a7a,1685891025,193
0x2000356f,1685891218,193
0x20003571,1685891603,385
0x20003573,1685891989,386
0x20003575,1685892374,385
0x20003577,1685892760,386
0x00000a7c,1685892953,193
0x20003579,1685893146,193
0x2000357b,1685893531,385
0x2000357d,1685893916,385
0x2000357f,1685894302,386
0x20003581,1685894687,385
0x00000a7e,1685894922,235
0x20003583,1685895115,193
0x20003585,1685895458,343
0x20003587,1685895844,386
0x20003589,1685896229,385
0x2000358b,1685896615,386
0x00000a80,1685896891,276
0x2000358d,1685897084,193
0x2000358f,1685897386,302
0x20003591,1685897771,385
0x20003593,1685898157,386
0x20003595,1685898542,385
0x00000a82,1685898860,318
0x20003597,1685899053,193
0x20003599,1685899313,260
0x2000359b,1685899699,386
0x2000359d,1685900084,385
0x2000359f,1685900470,386
0x00000a84,1685900829,359
0x200035a1,1685901022,193
0x200035a3,1685901241,219
0x200035a5,1685901626,385
0x200035a7,1685902012,386
0x200035a9,1685902397,385
0x200035ab,1685902783,386
0x00000a86,1685902976,193
0x200035ad,1685903169,193
0x200035af,1685903554,385
0x200035b1,1685903939,385
0x200035b3,1685904325,386
0x200035b5,1685904710,385
0x00000a88,1685904903,193
0x200035b7,1685905096,193
0x200035b9,1685905481,385
0x200035bb,1685905867,386
0x200035bd,1685906252,385
0x200035bf,1685906638,386
0x00000a8a,1685906831,193
0x200035c1,1685907024,193
0x200035c3,1685907409,385
0x200035c5,1685907794,385
0x200035c7,1685908180,386
0x200035c9,1685908565,385
0x00000a8c,1685908758,193
0x200035cb,1685908951,193
0x200035cd,1685909336,385
0x200035cf,1685909722,386
0x200035d1,1685910107,385
0x200035d3,1685910493,386
0x00000a8e,1685910686,193
0x200035d5,1685910879,193
0x200035d7,1685911264,385
0x200035d9,1685911649,385
0x200035db,1685912035,386
0x200035dd,1685912420,385
0x00000a90,1685912643,223
0x200035de,1685912836,193
0x200035e0,1685913191,355
0x200035e2,1685913577,386
0x200035e4,1685913962,385
0x200035e6,1685914348,386
0x00000a92,1685914612,264
0x200035e8,1685914805,193
0x200035ea,1685915119,314
0x200035ec,1685915504,385
0x200035ee,1685915890,386
0x200035f0,1685916275,385
0x00000a94,1685916581,306
0x200035f2,1685916774,193
0x200035f4,1685917046,272
0x200035f6,1685917432,386
0x200035f8,1685917817,385
0x200035fa,1685918203,386
0x00000a96,1685918550,347
0x200035fc,1685918743,193
0x200035fe,1685918974,231
0x20003600,1685919359,385
0x20003602,1685919745,386
0x20003604,1685920130,385
0x20003606,1685920516,386
0x00000a98,1685920709,193
0x20003608,1685920902,193
0x2000360a,1685921287,385
0x2000360c,1685921672,385
0x2000360e,1685922058,386
0x20003610,1685922443,385
0x00000a9a,1685922636,193
0x20003612,1685922829,193
0x20003614,1685923214,385
0x20003616,1685923600,386
0x20003618,1685923985,385
0x2000361a,1685924371,386
0x00000a9c,1685924564,193
0x2000361c,1685924757,193
0x2000361e,1685925142,385
0x20003620,1685925527,385
0x20003622,1685925913,386
0x20003624,1685926298,385
0x00000a9e,1685926491,193
0x20003626,1685926684,193
0x20003628,1685927069,385
0x2000362a,1685927455,386
0x2000362c,1685927840,385
0x2000362e,1685928226,386
0x00000aa0,1685928419,193
0x20003630,1685928612,193
0x20003632,1685928997,385
0x20003634,1685929382,385
0x20003636,1685929768,386
0x20003638,1685930153,385
0x00000aa2,1685930364,211
0x2000363a,1685930557,193
0x2000363c,1685930924,367
0x2000363e,1685931310,386
0x20003640,1685931695,385
0x20003642,1685932081,386
0x00000aa4,1685932333,252
0x20003644,1685932526,193
0x20003646,1685932852,326
0x20003648,1685933237,385
0x2000364a,1685933623,386
0x2000364c,1685934008,385
0x00000aa6,1685934302,294
0x2000364e,1685934495,193
0x20003650,1685934779,284
0x20003652,1685935165,386
0x20003654,1685935550,385
0x20003656,1685935936,386
0x00000aa8,1685936271,335
0x20003658,1685936464,193
0x2000365a,1685936707,243
0x2000365c,1685937092,385
0x2000365e,1685937478,386
0x20003660,1685937863,385
0x00000aaa,1685938240,377
0x20003662,1685938433,193
0x20003664,1685938634,201
0x20003666,1685939020,386
0x20003668,1685939405,385
0x2000366a,1685939791,386
0x2000366c,1685940176,385
0x00000aac,1685940369,193
0x2000366e,1685940562,193
0x20003670,1685940947,385
0x20003672,1685941333,386
0x20003674,1685941718,385
0x20003676,1685942104,386
0x00000aae,1685942297,193
0x20003678,1685942490,193
0x2000367a,1685942875,385
0x2000367c,1685943260,385
0x2000367e,1685943646,386
0x20003680,1685944031,385
0x00000ab0,1685944224,193
0x20003682,1685944417,193
0x20003684,1685944802,385
0x20003686,1685945188,386
0x20003688,1685945573,385
0x2000368a,1685945959,386
0x00000ab2,1685946152,193
0x2000368c,1685946345,193
0x2000368e,1685946730,385
0x20003690,1685947115,385
0x20003692,1685947501,386
0x20003694,1685947886,385
0x00000ab4,1685948085,199
0x20003696,1685948278,193
0x20003698,1685948657,379
0x2000369a,1685949043,386
0x2000369c,1685949428,385
0x2000369e,1685949814,386
0x00000ab6,1685950054,240
0x200036a0,1685950247,193
0x200036a2,1685950585,338
0x200036a4,1685950970,385
0x200036a6,1685951356,386
0x200036a8,1685951741,385
0x00000ab8,1685952023,282
0x200036aa,1685952216,193
0x200036ac,1685952512,296
0x200036ae,1685952898,386
0x200036b0,1685953283,385
0x200036b2,1685953669,386
0x00000aba,1685953992,323
0x200036b4,1685954185,193
0x200036b6,1685954440,255
0x200036b8,1685954825,385
0x200036ba,1685955211,386
0x200036bc,1685955596,385
0x00000abc,1685955961,365
0x200036be,1685956154,193
0x200036c0,1685956367,213
0x200036c2,1685956753,386
0x200036c4,1685957138,385
0x200036c6,1685957524,386
0x200036c8,1685957909,385
0x00000abe,1685958102,193
0x200036ca,1685958295,193
0x200036cc,1685958680,385
0x200036ce,1685959066,386
0x200036d0,1685959451,385
0x200036d2,1685959837,386
0x00000ac0,1685960030,193
0x200036d4,1685960223,193
0x200036d6,1685960608,385
0x200036d8,1685960993,385
0x200036da,1685961379,386
0x200036dc,1685961764,385
0x00000ac2,1685961957,193
0x200036de,1685962150,193
0x200036e0,1685962535,385
0x200036e2,1685962921,386
0x200036e4,1685963306,385
0x200036e6,1685963692,386
0x00000ac4,1685963885,193
0x200036e8,1685964078,193
0x200036ea,1685964463,385
0x200036ec,1685964848,385
0x200036ee,1685965234,386
0x200036f0,1685965619,385
0x00000ac6,1685965812,193
0x200036f2,1685966005,193
0x200036f4,1685966390,385
0x200036f6,1685966776,386
0x200036f8,1685967161,385
0x200036fa,1685967547,386
0x00000ac8,1685967775,228
0x200036fc,1685967968,193
0x200036fe,1685968318,350
0x20003700,1685968703,385
0x20003702,1685969089,386
0x20003704,1685969474,385
0x00000aca,1685969744,270
0x20003706,1685969937,193
0x20003708,1685970245,308
0x2000370a,1685970631,386
0x2000370c,1685971016,385
0x2000370e,1685971402,386
0x00000acc,1685971713,311
0x20003710,1685971906,193
0x20003712,1685972173,267
0x20003714,1685972558,385
0x20003716,1685972944,386
0x20003718,1685973329,385
0x00000ace,1685973682,353
0x2000371a,1685973875,193
0x2000371c,1685974100,225
0x2000371e,1685974486,386
0x20003720,1685974871,385
0x20003722,1685975257,386
0x20003724,1685975642,385
0x00000ad0,1685975835,193
0x20003726,1685976028,193
0x20003728,1685976413,385
0x2000372a,1685976799,386
0x2000372c,1685977184,385
0x2000372e,1685977570,386
0x00000ad2,1685977763,193
0x20003730,1685977956,193
0x20003732,1685978341,385
0x20003734,1685978726,385
0x20003736,1685979112,386
0x20003738,1685979497,385
0x00000ad4,1685979690,193
0x2000373a,1685979883,193
0x2000373c,1685980268,385
0x2000373e,1685980654,386
0x20003740,1685981039,385
0x20003742,1685981425,386
0x00000ad6,1685981618,193
0x20003744,1685981811,193
0x20003746,1685982196,385
0x20003748,1685982581,385
0x2000374a,1685982967,386
0x2000374c,1685983352,385
0x00000ad8,1685983545,193
0x2000374e,1685983738,193
0x20003750,1685984123,385
0x20003752,1685984509,386
0x20003754,1685984894,385
0x20003756,1685985280,386
0x00000ada,1685985496,216
0x20003758,1685985689,193
0x2000375a,1685986051,362
0x2000375c,1685986436,385
0x2000375e,1685986822,386
0x20003760,1685987207,385
0x00000adc,1685987465,258
0x20003762,1685987658,193
0x20003764,1685987978,320
0x20003766,1685988364,386
0x20003768,1685988749,385
0x2000376a,1685989135,386
0x00000ade,1685989434,299
0x2000376c,1685989627,193
0x2000376e,1685989906,279
0x20003770,1685990291,385
0x20003772,1685990677,386
0x20003774,1685991062,385
0x00000ae0,1685991403,341
0x20003776,1685991596,193
0x20003778,1685991833,237
0x2000377a,1685992219,386
0x2000377c,1685992604,385
0x2000377e,1685992990,386
0x00000ae2,1685993372,382
0x20003780,1685993565,193
0x20003782,1685993761,196
0x20003784,1685994146,385
0x20003786,1685994532,386
0x20003788,1685994917,385
0x2000378a,1685995303,386
0x00000ae4,1685995496,193
0x2000378c,1685995689,193
0x2000378e,1685996074,385
0x20003790,1685996459,385
0x20003792,1685996845,386
0x20003794,1685997230,385
0x00000ae6,1685997423,193
0x20003796,1685997616,193
0x20003798,1685998001,385
0x2000379a,1685998387,386
0x2000379c,1685998772,385
0x2000379e,1685999158,386
0x00000ae8,1685999351,193
0x200037a0,1685999544,193
0x200037a2,1685999929,385
0x200037a4,1686000314,385
0x200037a6,1686000700,386
0x200037a8,1686001085,385
0x00000aea,1686001278,193
0x200037aa,1686001471,193
0x200037ac,1686001856,385
0x200037ae,1686002242,386
0x200037b0,1686002627,385
0x200037b2,1686003013,386
0x00000aec,1686003217,204
0x200037b4,1686003410,193
0x200037b6,1686003784,374
0x200037b8,1686004169,385
0x200037ba,1686004555,386
0x200037bc,1686004940,385
0x00000aee,1686005186,246
0x200037be,1686005379,193
0x200037c0,1686005711,332
0x200037c2,1686006097,386
0x200037c4,1686006482,385
0x200037c6,1686006868,386
0x00000af0,1686007155,287
0x200037c8,1686007348,193
0x200037ca,1686007639,291
0x200037cc,1686008024,385
0x200037ce,1686008410,386
0x200037d0,1686008795,385
0x00000af2,1686009124,329
0x200037d2,1686009317,193
0x200037d4,1686009566,249
0x200037d6,1686009952,386
0x200037d8,1686010337,385
0x200037da,1686010723,386
0x00000af4,1686011093,370
0x200037dc,1686011286,193
0x200037de,1686011494,208
0x200037e0,1686011879,385
0x200037e2,1686012265,386
0x200037e4,1686012650,385
0x200037e6,1686013036,386
0x00000af6,1686013229,193
0x200037e8,1686013422,193
0x200037ea,1686013807,385
0x200037ec,1686014192,385
0x200037ee,1686014578,386
0x200037f0,1686014963,385
0x00000af8,1686015156,193
0x200037f2,1686015349,193
0x200037f4,1686015734,385
0x200037f6,1686016120,386
0x200037f8,1686016505,385
0x200037fa,1686016891,386
0x00000afa,1686017084,193
0x200037fc,1686017277,193
0x200037fe,1686017662,385
0x20003800,1686018047,385
0x20003802,1686018433,386
0x20003804,1686018818,385
0x00000afc,1686019011,193
0x20003806,1686019204,193
0x20003808,1686019589,385
0x2000380a,1686019975,386
0x2000380c,1686020360,385
0x2000380e,1686020746,386
0x00000afe,1686020939,193
0x20003810,1686021132,193
0x20003812,1686021517,385
0x20003814,1686021902,385
0x20003816,1686022288,386
0x20003818,1686022673,385
0x00000b00,1686022907,234
0x2000381a,1686023100,193
0x2000381c,1686023444,344
0x2000381e,1686023830,386
0x20003820,1686024215,385
0x20003822,1686024601,386
0x00000b02,1686024876,275
0x20003824,1686025069,193
0x20003826,1686025372,303
0x20003828,1686025757,385
0x2000382a,1686026143,386
0x2000382c,1686026528,385
0x00000b04,1686026845,317
0x2000382e,1686027038,193
0x20003830,1686027299,261
0x20003832,1686027685,386
0x20003834,1686028070,385
0x20003836,1686028456,386
0x00000b06,1686028814,358
0x20003838,1686029007,193
0x2000383a,1686029227,220
0x2000383c,1686029612,385
0x2000383e,1686029998,386
0x20003840,1686030383,385
0x20003842,1686030769,386
0x00000b08,1686030962,193
0x20003844,1686031155,193
0x20003846,1686031540,385
0x20003848,1686031925,385
0x2000384a,1686032311,386
0x2000384c,1686032696,385
0x00000b0a,1686032889,193
0x2000384e,1686033082,193
0x20003850,1686033467,385
0x20003852,1686033853,386
0x20003854,1686034238,385
0x20003856,1686034624,386
0x00000b0c,1686034817,193
0x20003858,1686035010,193
0x2000385a,1686035395,385
0x2000385c,1686035780,385
0x2000385e,1686036166,386
0x20003860,1686036551,385
0x00000b0e,1686036744,193
0x20003862,1686036937,193
0x20003864,1686037322,385
0x20003866,1686037708,386
0x20003868,1686038093,385
0x2000386a,1686038479,386
0x00000b10,1686038672,193
0x2000386c,1686038865,193
0x2000386e,1686039250,385
0x20003870,1686039635,385
0x20003872,1686040021,386
0x20003874,1686040406,385
0x00000b12,1686040628,222
0x20003876,1686040821,193
0x20003878,1686041177,356
0x2000387a,1686041563,386
0x2000387c,1686041948,385
0x2000387e,1686042334,386
0x00000b14,1686042597,263
0x20003880,1686042790,193
0x20003882,1686043105,315
0x20003884,1686043490,385
0x20003886,1686043876,386
0x20003888,1686044261,385
0x00000b16,1686044566,305
0x2000388a,1686044759,193
0x2000388c,1686045032,273
0x2000388e,1686045418,386
0x20003890,1686045803,385
0x20003892,1686046189,386
0x00000b18,1686046535,346
0x20003894,1686046728,193
0x20003896,1686046960,232
0x20003898,1686047345,385
0x2000389a,1686047731,386
0x2000389c,1686048116,385
0x2000389e,1686048502,386
0x00000b1a,1686048695,193
0x200038a0,1686048888,193
0x200038a2,1686049273,385
0x200038a4,1686049658,385
0x200038a6,1686050044,386
0x200038a8,1686050429,385
0x00000b1c,1686050622,193
0x200038aa,1686050815,193
0x200038ac,1686051200,385
0x200038ae,1686051586,386
0x200038b0,1686051971,385
0x200038b2,1686052357,386
0x00000b1e,1686052550,193
0x200038b4,1686052743,193
0x200038b6,1686053128,385
0x200038b8,1686053513,385
0x200038ba,1686053899,386
0x200038bc,1686054284,385
0x00000b20,1686054477,193
0x200038be,1686054670,193
0x200038c0,1686055055,385
0x200038c2,1686055441,386
0x200038c4,1686055826,385
0x200038c6,1686056212,386
0x00000b22,1686056405,193
0x200038c8,1686056598,193
0x200038ca,1686056983,385
0x200038cc,1686057368,385
0x200038ce,1686057754,386
0x200038d0,1686058139,385
0x00000b24,1686058349,210
0x200038d2,1686058542,193
0x200038d4,1686058910,368
0x200038d6,1686059296,386
0x200038d8,1686059681,385
0x200038da,1686060067,386
0x00000b26,1686060318,251
0x200038dc,1686060511,193
0x200038de,1686060838,327
0x200038e0,1686061223,385
0x200038e1,1686061609,386
0x200038e3,1686061994,385
0x00000b28,1686062287,293
0x200038e5,1686062480,193
0x200038e7,1686062765,285
0x200038e9,1686063151,386
0x200038eb,1686063536,385
0x200038ed,1686063922,386
0x00000b2a,1686064256,334
0x200038ef,1686064449,193
0x200038f1,1686064693,244
0x200038f3,1686065078,385
0x200038f5,1686065464,386
0x200038f7,1686065849,385
0x00000b2c,1686066225,376
0x200038f9,1686066418,193
0x200038fb,1686066620,202
0x200038fd,1686067006,386
0x200038ff,1686067391,385
0x20003901,1686067777,386
0x20003903,1686068162,385
0x00000b2e,1686068355,193
0x20003905,1686068548,193
0x20003907,1686068933,385
0x20003909,1686069319,386
0x2000390b,1686069704,385
0x2000390d,1686070090,386
0x00000b30,1686070283,193
0x2000390f,1686070476,193
0x20003911,1686070861,385
0x20003913,1686071246,385
0x20003915,1686071632,386
0x20003917,1686072017,385
0x00000b32,1686072210,193
0x20003919,1686072403,193
0x2000391b,1686072788,385
0x2000391d,1686073174,386
0x2000391f,1686073559,385
0x20003921,1686073945,386
0x00000b34,1686074138,193
0x20003923,1686074331,193
0x20003925,1686074716,385
0x20003927,1686075101,385
0x20003929,1686075487,386
0x2000392b,1686075872,385
0x00000b36,1686076070,198
0x2000392d,1686076263,193
0x2000392f,1686076643,380
0x20003931,1686077029,386
0x20003933,1686077414,385
0x20003935,1686077800,386
0x00000b38,1686078039,239
0x20003937,1686078232,193
0x20003939,1686078571,339
0x2000393b,1686078956,385
0x2000393d,1686079342,386
0x2000393f,1686079727,385
0x00000b3a,1686080008,281
0x20003941,1686080201,193
0x20003943,1686080498,297
0x20003945,1686080884,386
0x20003947,1686081269,385
0x20003949,1686081655,386
0x00000b3c,1686081977,322
0x2000394b,1686082170,193
0x2000394d,1686082426,256
0x2000394f,1686082811,385
0x20003951,1686083197,386
0x20003953,1686083582,385
0x00000b3e,1686083946,364
0x20003955,1686084139,193
0x20003957,1686084353,214
0x20003959,1686084739,386
0x2000395b,1686085124,385
0x2000395d,1686085510,386
0x2000395f,1686085895,385
0x00000b40,1686086088,193
0x20003961,1686086281,193
0x20003963,1686086666,385
0x20003965,1686087052,386
0x20003967,1686087437,385
0x20003969,1686087823,386
0x00000b42,1686088016,193
0x2000396b,1686088209,193
0x2000396d,1686088594,385
0x2000396f,1686088979,385
0x20003971,1686089365,386
0x20003973,1686089750,385
0x00000b44,1686089943,193
0x20003975,1686090136,193
0x20003977,1686090521,385
0x20003979,1686090907,386
0x2000397b,1686091292,385
0x2000397d,1686091678,386
0x00000b46,1686091871,193
0x2000397f,1686092064,193
0x20003981,1686092449,385
0x20003983,1686092834,385
0x20003985,1686093220,386
0x20003987,1686093605,385
0x00000b48,1686093798,193
0x20003989,1686093991,193
0x2000398b,1686094376,385
0x2000398d,1686094762,386
0x2000398f,1686095147,385
0x20003991,1686095533,386
0x00000b4a,1686095760,227
0x20003993,1686095953,193
0x20003995,1686096303,350
0x20003997,1686096688,385
0x20003999,1686097074,386
0x2000399b,1686097459,385
0x00000b4c,1686097728,269
0x2000399d,1686097921,193
0x2000399f,1686098230,309
0x200039a1,1686098616,386
0x200039a3,1686099001,385
0x200039a5,1686099387,386
0x00000b4e,1686099697,310
0x200039a7,1686099890,193
0x200039a9,1686100158,268
0x200039ab,1686100543,385
0x200039ad,1686100929,386
0x200039af,1686101314,385
0x00000b50,1686101666,352
0x200039b1,1686101859,193
0x200039b3,1686102085,226
0x200039b5,1686102471,386
0x200039b7,1686102856,385
0x200039b9,1686103242,386
0x200039bb,1686103627,385
0x00000b52,1686103820,193
0x200039bd,1686104013,193
0x200039bf,1686104398,385
0x200039c1,1686104784,386
0x200039c3,1686105169,385
0x200039c5,1686105555,386
0x00000b54,1686105748,193
0x200039c7,1686105941,193
0x200039c9,1686106326,385
0x200039cb,1686106711,385
0x200039cd,1686107097,386
0x200039cf,1686107482,385
0x00000b56,1686107675,193
0x200039d1,1686107868,193
0x200039d3,1686108253,385
0x200039d5,1686108639,386
0x200039d7,1686109024,385
0x200039d9,1686109410,386
0x00000b58,1686109603,193
0x200039db,1686109796,193
0x200039dd,1686110181,385
0x200039df,1686110566,385
0x200039e1,1686110952,386
0x200039e3,1686111337,385
0x00000b5a,1686111530,193
0x200039e5,1686111723,193
0x200039e7,1686112108,385
0x200039e9,1686112494,386
0x200039eb,1686112879,385
0x200039ed,1686113265,386
0x00000b5c,1686113481,216
0x200039ef,1686113674,193
0x200039f1,1686114036,362
0x200039f3,1686114421,385
0x200039f5,1686114807,386
0x200039f7,1686115192,385
0x00000b5e,1686115450,258
0x200039f9,1686115643,193
0x200039fb,1686115963,320
0x200039fd,1686116349,386
0x200039ff,1686116734,385
0x20003a01,1686117120,386
0x00000b60,1686117419,299
0x20003a03,1686117612,193
0x20003a05,1686117891,279
0x20003a07,1686118276,385
0x20003a09,1686118662,386
0x20003a0b,1686119047,385
0x00000b62,1686119388,341
0x20003a0d,1686119581,193
0x20003a0f,1686119818,237
0x20003a11,1686120204,386
0x20003a13,1686120589,385
0x20003a15,1686120975,386
0x00000b64,1686121357,382
0x20003a17,1686121550,193
0x20003a19,1686121746,196
0x20003a1b,1686122131,385
0x20003a1d,1686122517,386
0x20003a1f,1686122902,385
0x20003a21,1686123288,386
0x00000b66,1686123481,193
0x20003a23,1686123674,193
0x20003a25,1686124059,385
0x20003a27,1686124444,385
0x20003a29,1686124830,386
0x20003a2b,1686125215,385
0x00000b68,1686125408,193
0x20003a2d,1686125601,193
0x20003a2f,1686125986,385
0x20003a31,1686126372,386
0x20003a33,1686126757,385
0x20003a35,1686127143,386
0x00000b6a,1686127336,193
0x20003a37,1686127529,193
0x20003a39,1686127914,385
0x20003a3b,1686128299,385
0x20003a3d,1686128685,386
0x20003a3f,1686129070,385
0x00000b6c,1686129263,193
0x20003a41,1686129456,193
0x20003a43,1686129841,385
0x20003a45,1686130227,386
0x20003a47,1686130612,385
0x20003a49,1686130998,386
0x00000b6e,1686131202,204
0x20003a4b,1686131395,193
0x20003a4d,1686131769,374
0x20003a4f,1686132154,385
0x20003a51,1686132540,386
0x20003a53,1686132925,385
0x00000b70,1686133171,246
0x20003a55,1686133364,193
0x20003a57,1686133696,332
0x20003a59,1686134082,386
0x20003a5b,1686134467,385
0x20003a5d,1686134853,386
0x00000b72,1686135140,287
0x20003a5f,1686135333,193
0x20003a61,1686135624,291
0x20003a63,1686136009,385
0x20003a65,1686136395,386
0x20003a67,1686136780,385
0x00000b74,1686137109,329
0x20003a69,1686137302,193
0x20003a6b,1686137551,249
0x20003a6d,1686137937,386
0x20003a6f,1686138322,385
0x20003a71,1686138708,386
0x00000b76,1686139078,370
0x20003a73,1686139271,193
0x20003a75,1686139479,208
0x20003a77,1686139864,385
0x20003a79,1686140250,386
0x20003a7b,1686140635,385
0x20003a7d,1686141021,386
0x00000b78,1686141214,193
0x20003a7f,1686141407,193
0x20003a81,1686141792,385
0x20003a83,1686142177,385
0x20003a85,1686142563,386
0x20003a87,1686142948,385
0x00000b7a,1686143141,193
0x20003a89,1686143334,193
0x20003a8b,1686143719,385
0x20003a8d,1686144105,386
0x20003a8f,1686144490,385
0x20003a91,1686144876,386
0x00000b7c,1686145069,193
0x20003a93,1686145262,193
0x20003a95,1686145647,385
0x20003a97,1686146032,385
0x20003a99,1686146418,386
0x20003a9b,1686146803,385
0x00000b7e,1686146996,193
0x20003a9d,1686147189,193
0x20003a9f,1686147574,385
0x20003aa1,1686147960,386
0x20003aa3,1686148345,385
0x20003aa5,1686148731,386
0x00000b80,1686148924,193
0x20003aa7,1686149117,193
0x20003aa9,1686149502,385
0x20003aab,1686149887,385
0x20003aad,1686150273,386
0x20003aaf,1686150658,385
0x00000b82,1686150892,234
0x20003ab1,1686151085,193
0x20003ab3,1686151429,344
0x20003ab5,1686151815,386
0x20003ab7,1686152200,385
0x20003ab9,1686152586,386
0x00000b84,1686152861,275
0x20003abb,1686153054,193
0x20003abd,1686153357,303
0x20003abf,1686153742,385
0x20003ac1,1686154128,386
0x20003ac3,1686154513,385
0x00000b86,1686154830,317
0x20003ac5,1686155023,193
0x20003ac7,1686155284,261
0x20003ac9,1686155670,386
0x20003acb,1686156055,385
0x20003acd,1686156441,386
0x00000b88,1686156799,358
0x20003acf,1686156992,193
0x20003ad1,1686157212,220
0x20003ad3,1686157597,385
0x20003ad5,1686157983,386
0x20003ad7,1686158368,385
0x20003ad9,1686158754,386
0x00000b8a,1686158947,193
0x20003adb,1686159140,193
0x20003add,1686159525,385
0x20003adf,1686159910,385
0x20003ae1,1686160296,386
0x20003ae3,1686160681,385
0x00000b8c,1686160874,193
0x20003ae5,1686161067,193
0x20003ae7,1686161452,385
0x20003ae9,1686161838,386
0x20003aeb,1686162223,385
0x20003aed,1686162609,386
0x00000b8e,1686162802,193
0x20003aef,1686162995,193
0x20003af1,1686163380,385
0x20003af3,1686163765,385
0x20003af5,1686164151,386
0x20003af7,1686164536,385
0x00000b90,1686164729,193
0x20003af9,1686164922,193
0x20003afb,1686165307,385
0x20003afd,1686165693,386
0x20003aff,1686166078,385
0x20003b01,1686166464,386
0x00000b92,1686166657,193
0x20003b03,1686166850,193
0x20003b05,1686167235,385
0x20003b07,1686167620,385
0x20003b09,1686168006,386
0x20003b0b,1686168391,385
0x00000b94,1686168613,222
0x20003b0d,1686168806,193
0x20003b0f,1686169162,356
0x20003b11,1686169548,386
0x20003b13,1686169933,385
0x20003b15,1686170319,386
0x00000b96,1686170582,263
0x20003b17,1686170775,193
0x20003b19,1686171090,315
0x20003b1b,1686171475,385
0x20003b1d,1686171861,386
0x20003b1f,1686172246,385
0x00000b98,1686172551,305
0x20003b21,1686172744,193
0x20003b23,1686173017,273
0x20003b25,1686173403,386
0x20003b27,1686173788,385
0x20003b29,1686174174,386
0x00000b9a,1686174520,346
0x20003b2b,1686174713,193
0x20003b2d,1686174945,232
0x20003b2f,1686175330,385
0x20003b31,1686175716,386
0x20003b33,1686176101,385
0x20003b35,1686176487,386
0x00000b9c,1686176680,193
0x20003b37,1686176873,193
0x20003b39,1686177258,385
0x20003b3b,1686177643,385
0x20003b3d,1686178029,386
0x20003b3f,1686178414,385
0x00000b9e,1686178607,193
0x20003b41,1686178800,193
0x20003b43,1686179185,385
0x20003b45,1686179571,386
0x20003b47,1686179956,385
0x20003b49,1686180342,386
0x00000ba0,1686180535,193
0x20003b4b,1686180728,193
0x20003b4d,1686181113,385
0x20003b4f,1686181498,385
0x20003b51,1686181884,386
0x20003b53,1686182269,385
0x00000ba2,1686182462,193
0x20003b55,1686182655,193
0x20003b57,1686183040,385
0x20003b59,1686183426,386
0x20003b5b,1686183811,385
0x20003b5d,1686184197,386
0x00000ba4,1686184390,193
0x20003b5f,1686184583,193
0x20003b61,1686184968,385
0x20003b63,1686185353,385
0x20003b65,1686185739,386
0x20003b67,1686186124,385
0x00000ba6,1686186334,210
0x20003b69,1686186527,193
0x20003b6b,1686186895,368
0x20003b6d,1686187281,386
0x20003b6f,1686187666,385
0x20003b71,1686188052,386
0x00000ba8,1686188303,251
0x20003b73,1686188496,193
0x20003b75,1686188823,327
0x20003b77,1686189208,385
0x20003b79,1686189594,386
0x20003b7b,1686189979,385
0x00000baa,1686190272,293
0x20003b7d,1686190465,193
0x20003b7f,1686190750,285
0x20003b81,1686191136,386
0x20003b83,1686191521,385
0x20003b85,1686191907,386
0x00000bac,1686192241,334
0x20003b87,1686192434,193
0x20003b89,1686192678,244
0x20003b8b,1686193063,385
0x20003b8d,1686193449,386
0x20003b8f,1686193834,385
0x00000bae,1686194210,376
0x20003b91,1686194403,193
0x20003b93,1686194605,202
0x20003b95,1686194991,386
0x20003b97,1686195376,385
0x20003b99,1686195762,386
0x20003b9b,1686196147,385
0x00000bb0,1686196340,193
0x20003b9d,1686196533,193
0x20003b9f,1686196918,385
0x20003ba1,1686197304,386
0x20003ba3,1686197689,385
0x20003ba5,1686198075,386
0x00000bb2,1686198268,193
0x20003ba7,1686198461,193
0x20003ba9,1686198846,385
0x20003bab,1686199231,385
0x20003bad,1686199617,386
0x20003baf,1686200002,385
0x00000bb4,1686200195,193
0x20003bb1,1686200388,193
0x20003bb3,1686200773,385
0x20003bb5,1686201159,386
0x20003bb7,1686201544,385
0x20003bb9,1686201930,386
0x00000bb6,1686202123,193
0x20003bbb,1686202316,193
0x20003bbd,1686202701,385
0x20003bbf,1686203086,385
0x20003bc1,1686203472,386
0x20003bc3,1686203857,385
0x00000bb8,1686204055,198
0x20003bc5,1686204248,193
0x20003bc7,1686204628,380
0x20003bc9,1686205014,386
0x20003bcb,1686205399,385
0x20003bcd,1686205785,386
0x00000bba,1686206024,239
0x20003bcf,1686206217,193
0x20003bd1,1686206556,339
0x20003bd3,1686206941,385
0x20003bd5,1686207327,386
0x20003bd7,1686207712,385
0x00000bbc,1686207993,281
0x20003bd9,1686208186,193
0x20003bdb,1686208483,297
0x20003bdd,1686208869,386
0x20003bdf,1686209254,385
0x20003be0,1686209640,386
0x00000bbe,1686209962,322
0x20003be2,1686210155,193
0x20003be4,1686210411,256
0x20003be6,1686210796,385
0x20003be8,1686211182,386
0x20003bea,1686211567,385
0x00000bc0,1686211931,364
0x20003bec,1686212124,193
0x20003bee,1686212338,214
0x20003bf0,1686212724,386
0x20003bf2,1686213109,385
0x20003bf4,1686213495,386
0x20003bf6,1686213880,385
0x00000bc2,1686214073,193
0x20003bf8,1686214266,193
0x20003bfa,1686214651,385
0x20003bfc,1686215037,386
0x20003bfe,1686215422,385
0x20003c00,1686215808,386
0x00000bc4,1686216001,193
0x20003c02,1686216194,193
0x20003c04,1686216579,385
0x20003c06,1686216964,385
0x20003c08,1686217350,386
0x20003c0a,1686217735,385
0x00000bc6,1686217928,193
0x20003c0c,1686218121,193
0x20003c0e,1686218506,385
0x20003c10,1686218892,386
0x20003c12,1686219277,385
0x20003c14,1686219663,386
0x00000bc8,1686219856,193
0x20003c16,1686220049,193
0x20003c18,1686220434,385
0x20003c1a,1686220819,385
0x20003c1c,1686221205,386
0x20003c1e,1686221590,385
0x00000bca,1686221783,193
0x20003c20,1686221976,193
0x20003c22,1686222361,385
0x20003c24,1686222747,386
0x20003c26,1686223132,385
0x20003c28,1686223518,386
0x00000bcc,1686223745,227
0x20003c2a,1686223938,193
0x20003c2c,1686224289,351
0x20003c2e,1686224674,385
0x20003c30,1686225060,386
0x20003c32,1686225445,385
0x00000bce,1686225714,269
0x20003c34,1686225907,193
0x20003c36,1686226216,309
0x20003c38,1686226602,386
0x20003c3a,1686226987,385
0x20003c3c,1686227373,386
0x00000bd0,1686227683,310
0x20003c3e,1686227876,193
0x20003c40,1686228144,268
0x20003c42,1686228529,385
0x20003c44,1686228915,386
0x20003c46,1686229300,385
0x00000bd2,1686229652,352
0x20003c48,1686229845,193
0x20003c4a,1686230071,226
0x20003c4c,1686230457,386
0x20003c4e,1686230842,385
0x20003c50,1686231228,386
0x20003c52,1686231613,385
0x00000bd4,1686231806,193
0x20003c54,1686231999,193
0x20003c56,1686232384,385
0x20003c58,1686232770,386
0x20003c5a,1686233155,385
0x20003c5c,1686233541,386
0x00000bd6,1686233734,193
0x20003c5e,1686233927,193
0x20003c60,1686234312,385
0x20003c62,1686234697,385
0x20003c64,1686235083,386
0x20003c66,1686235468,385
0x00000bd8,1686235661,193
0x20003c68,1686235854,193
0x20003c6a,1686236239,385
0x20003c6c,1686236625,386
0x20003c6e,1686237010,385
0x20003c70,1686237396,386
0x00000bda,1686237589,193
0x20003c72,1686237782,193
0x20003c74,1686238167,385
0x20003c76,1686238552,385
0x20003c78,1686238938,386
0x20003c7a,1686239323,385
0x00000bdc,1686239516,193
0x20003c7c,1686239709,193
0x20003c7e,1686240094,385
0x20003c80,1686240480,386
0x20003c82,1686240865,385
0x20003c84,1686241251,386
0x00000bde,1686241466,215
0x20003c86,1686241659,193
0x20003c88,1686242022,363
0x20003c8a,1686242407,385
0x20003c8c,1686242793,386
0x20003c8e,1686243178,385
0x00000be0,1686243435,257
0x20003c90,1686243628,193
0x20003c92,1686243949,321
0x20003c94,1686244335,386
0x20003c96,1686244720,385
0x20003c98,1686245106,386
0x00000be2,1686245404,298
0x20003c9a,1686245597,193
0x20003c9c,1686245877,280
0x20003c9e,1686246262,385
0x20003ca0,1686246648,386
0x20003ca2,1686247033,385
0x00000be4,1686247373,340
0x20003ca4,1686247566,193
0x20003ca6,1686247804,238
0x20003ca8,1686248190,386
0x20003caa,1686248575,385
0x20003cac,1686248961,386
0x00000be6,1686249342,381
0x20003cae,1686249535,193
0x20003cb0,1686249732,197
0x20003cb2,1686250117,385
0x20003cb4,1686250503,386
0x20003cb6,1686250888,385
0x20003cb8,1686251274,386
0x00000be8,1686251467,193
0x20003cba,1686251660,193
0x20003cbc,1686252045,385
0x20003cbe,1686252430,385
0x20003cc0,1686252816,386
0x20003cc2,1686253201,385
0x00000bea,1686253394,193
0x20003cc4,1686253587,193
0x20003cc6,1686253972,385
0x20003cc8,1686254358,386
0x20003cca,1686254743,385
0x20003ccc,1686255129,386
0x00000bec,1686255322,193
0x20003cce,1686255515,193
0x20003cd0,1686255900,385
0x20003cd2,1686256285,385
0x20003cd4,1686256671,386
0x20003cd6,1686257056,385
0x00000bee,1686257249,193
0x20003cd8,1686257442,193
0x20003cda,1686257827,385
0x20003cdc,1686258213,386
0x20003cde,1686258598,385
0x20003ce0,1686258984,386
0x00000bf0,1686259187,203
0x20003ce2,1686259380,193
0x20003ce4,1686259755,375
0x20003ce6,1686260140,385
0x20003ce8,1686260526,386
0x20003cea,1686260911,385
0x00000bf2,1686261156,245
0x20003cec,1686261349,193
0x20003cee,1686261682,333
0x20003cf0,1686262068,386
0x20003cf2,1686262453,385
0x20003cf4,1686262839,386
0x00000bf4,1686263125,286
0x20003cf6,1686263318,193
0x20003cf8,1686263610,292
0x20003cfa,1686263995,385
0x20003cfc,1686264381,386
0x20003cfe,1686264766,385
0x00000bf6,1686265094,328
0x20003d00,1686265287,193
0x20003d02,1686265537,250
0x20003d04,1686265923,386
0x20003d06,1686266308,385
0x20003d08,1686266694,386
0x00000bf8,1686267063,369
0x20003d0a,1686267256,193
0x20003d0c,1686267465,209
0x20003d0e,1686267850,385
0x20003d10,1686268236,386
0x20003d12,1686268621,385
0x20003d14,1686269007,386
0x00000bfa,1686269200,193
0x20003d16,1686269393,193
0x20003d18,1686269778,385
0x20003d1a,1686270163,385
0x20003d1c,1686270549,386
0x20003d1e,1686270934,385
0x00000bfc,1686271127,193
0x20003d20,1686271320,193
0x20003d22,1686271705,385
0x20003d24,1686272091,386
0x20003d26,1686272476,385
0x20003d28,1686272862,386
0x00000bfe,1686273055,193
0x20003d2a,1686273248,193
0x20003d2c,1686273633,385
0x20003d2e,1686274018,385
0x20003d30,1686274404,386
0x20003d32,1686274789,385
0x00000c00,1686274982,193
0x20003d34,1686275175,193
0x20003d36,1686275560,385
0x20003d38,1686275946,386
0x20003d3a,1686276331,385
0x20003d3c,1686276717,386
0x00000c02,1686276910,193
0x20003d3e,1686277103,193
0x20003d40,1686277488,385
0x20003d42,1686277873,385
0x20003d44,1686278259,386
0x20003d46,1686278644,385
0x00000c04,1686278877,233
0x20003d48,1686279070,193
0x20003d4a,1686279415,345
0x20003d4c,1686279801,386
0x20003d4e,1686280186,385
0x20003d50,1686280572,386
0x00000c06,1686280846,274
0x20003d52,1686281039,193
0x20003d54,1686281343,304
0x20003d56,1686281728,385
0x20003d58,1686282114,386
0x20003d5a,1686282499,385
0x00000c08,1686282815,316
0x20003d5c,1686283008,193
0x20003d5e,1686283270,262
0x20003d60,1686283656,386
0x20003d62,1686284041,385
0x20003d64,1686284427,386
0x00000c0a,1686284784,357
0x20003d66,1686284977,193
0x20003d68,1686285198,221
0x20003d6a,1686285583,385
0x20003d6c,1686285969,386
0x20003d6e,1686286354,385
0x20003d70,1686286740,386
0x00000c0c,1686286933,193
0x20003d72,1686287126,193
0x20003d74,1686287511,385
0x20003d76,1686287896,385
0x20003d78,1686288282,386
0x20003d7a,1686288667,385
0x00000c0e,1686288860,193
0x20003d7c,1686289053,193
0x20003d7e,1686289438,385
0x20003d80,1686289824,386
0x20003d82,1686290209,385
0x20003d84,1686290595,386
0x00000c10,1686290788,193
0x20003d86,1686290981,193
0x20003d88,1686291366,385
0x20003d8a,1686291751,385
0x20003d8c,1686292137,386
0x20003d8e,1686292522,385
0x00000c12,1686292715,193
0x20003d90,1686292908,193
0x20003d92,1686293293,385
0x20003d94,1686293679,386
0x20003d96,1686294064,385
0x20003d98,1686294450,386
0x00000c14,1686294643,193
0x20003d9a,1686294836,193
0x20003d9c,1686295221,385
0x20003d9e,1686295606,385
0x20003da0,1686295992,386
0x20003da2,1686296377,385
0x00000c16,1686296598,221
0x20003da4,1686296791,193
0x20003da6,1686297148,357
0x20003da8,1686297534,386
0x20003daa,1686297919,385
0x20003dac,1686298305,386
0x00000c18,1686298567,262
0x20003dae,1686298760,193
0x20003db0,1686299076,316
0x20003db2,1686299461,385
0x20003db4,1686299847,386
0x20003db6,1686300232,385
0x00000c1a,1686300536,304
0x20003db8,1686300729,193
0x20003dba,1686301003,274
0x20003dbc,1686301389,386
0x20003dbe,1686301774,385
0x20003dc0,1686302160,386
0x00000c1c,1686302505,345
0x20003dc2,1686302698,193
0x20003dc4,1686302931,233
0x20003dc6,1686303316,385
0x20003dc8,1686303702,386
0x20003dca,1686304087,385
0x20003dcc,1686304473,386
0x00000c1e,1686304666,193
0x20003dce,1686304859,193
0x20003dd0,1686305244,385
0x20003dd2,1686305629,385
0x20003dd4,1686306015,386
0x20003dd6,1686306400,385
0x00000c20,1686306593,193
0x20003dd8,1686306786,193
0x20003dda,1686307171,385
0x20003ddc,1686307557,386
0x20003dde,1686307942,385
0x20003de0,1686308328,386
0x00000c22,1686308521,193
0x20003de2,1686308714,193
0x20003de4,1686309099,385
0x20003de6,1686309484,385
0x20003de8,1686309870,386
0x20003dea,1686310255,385
0x00000c24,1686310448,193
0x20003dec,1686310641,193
0x20003dee,1686311026,385
0x20003df0,1686311412,386
0x20003df2,1686311797,385
0x20003df4,1686312183,386
0x00000c26,1686312376,193
0x20003df6,1686312569,193
0x20003df8,1686312954,385
0x20003dfa,1686313339,385
0x20003dfc,1686313725,386
0x20003dfe,1686314110,385
0x00000c28,1686314319,209
0x20003e00,1686314512,193
0x20003e02,1686314881,369
0x20003e04,1686315267,386
0x20003e06,1686315652,385
0x20003e08,1686316038,386
0x00000c2a,1686316288,250
0x20003e0a,1686316481,193
0x20003e0c,1686316809,328
0x20003e0e,1686317194,385
0x20003e10,1686317580,386
0x20003e12,1686317965,385
0x00000c2c,1686318257,292
0x20003e14,1686318450,193
0x20003e16,1686318736,286
0x20003e18,1686319122,386
0x20003e1a,1686319507,385
0x20003e1c,1686319893,386
0x00000c2e,1686320226,333
0x20003e1e,1686320419,193
0x20003e20,1686320664,245
0x20003e22,1686321049,385
0x20003e24,1686321435,386
0x20003e26,1686321820,385
0x00000c30,1686322195,375
0x20003e28,1686322388,193
0x20003e2a,1686322591,203
0x20003e2c,1686322977,386
0x20003e2e,1686323362,385
0x20003e30,1686323748,386
0x20003e32,1686324133,385
0x00000c32,1686324326,193
0x20003e34,1686324519,193
0x20003e36,1686324904,385
0x20003e38,1686325290,386
0x20003e3a,1686325675,385
0x20003e3c,1686326061,386
0x00000c34,1686326254,193
0x20003e3e,1686326447,193
0x20003e40,1686326832,385
0x20003e42,1686327216,384
0x20003e44,1686327602,386
0x20003e46,1686327987,385
0x00000c36,1686328180,193
0x20003e48,1686328373,193
0x20003e4a,1686328758,385
0x20003e4c,1686329144,386
0x20003e4e,1686329529,385
0x20003e50,1686329915,386
0x00000c38,1686330108,193
0x20003e52,1686330301,193
0x20003e54,1686330686,385
0x20003e56,1686331071,385
0x20003e58,1686331457,386
0x20003e5a,1686331842,385
0x00000c3a,1686332039,197
0x20003e5c,1686332232,193
0x20003e5e,1686332613,381
0x20003e60,1686332999,386
0x20003e62,1686333384,385
0x20003e64,1686333770,386
0x00000c3c,1686334008,238
0x20003e66,1686334201,193
0x20003e68,1686334541,340
0x20003e6a,1686334926,385
0x20003e6c,1686335312,386
0x20003e6e,1686335697,385
0x00000c3e,1686335977,280
0x20003e70,1686336170,193
0x20003e72,1686336468,298
0x20003e74,1686336854,386
0x20003e76,1686337239,385
0x20003e78,1686337625,386
0x00000c40,1686337946,321
0x20003e7a,1686338139,193
0x20003e7c,1686338396,257
0x20003e7e,1686338781,385
0x20003e80,1686339167,386
0x20003e82,1686339552,385
0x00000c42,1686339915,363
0x20003e84,1686340108,193
0x20003e86,1686340323,215
0x20003e88,1686340709,386
0x20003e8a,1686341094,385
0x20003e8c,1686341480,386
0x20003e8e,1686341865,385
0x00000c44,1686342058,193
0x20003e90,1686342251,193
0x20003e92,1686342636,385
0x20003e94,1686343022,386
0x20003e96,1686343407,385
0x20003e98,1686343793,386
0x00000c46,1686343986,193
0x20003e9a,1686344179,193
0x20003e9c,1686344564,385
0x20003e9e,1686344949,385
0x20003ea0,1686345335,386
0x20003ea2,1686345720,385
0x00000c48,1686345913,193
0x20003ea4,1686346106,193
0x20003ea6,1686346491,385
0x20003ea8,1686346877,386
0x20003eaa,1686347262,385
0x20003eac,1686347648,386
0x00000c4a,1686347841,193
0x20003eae,1686348034,193
0x20003eb0,1686348419,385
0x20003eb2,1686348804,385
0x20003eb4,1686349190,386
0x20003eb6,1686349575,385
0x00000c4c,1686349768,193
0x20003eb8,1686349961,193
0x20003eba,1686350346,385
0x20003ebc,1686350732,386
0x20003ebe,1686351117,385
0x20003ec0,1686351503,386
0x00000c4e,1686351730,227
0x20003ec2,1686351923,193
0x20003ec4,1686352274,351
0x20003ec6,1686352659,385
0x20003ec8,1686353045,386
0x20003eca,1686353430,385
0x00000c50,1686353699,269
0x20003ecc,1686353892,193
0x20003ece,1686354201,309
0x20003ed0,1686354587,386
0x20003ed2,1686354972,385
0x20003ed4,1686355358,386
0x00000c52,1686355668,310
0x20003ed6,1686355861,193
0x20003ed8,1686356129,268
0x20003eda,1686356514,385
0x20003edc,1686356900,386
0x20003ede,1686357285,385
0x00000c54,1686357637,352
0x20003edf,1686357830,193
0x20003ee1,1686358056,226
0x20003ee3,1686358442,386
0x20003ee5,1686358827,385
0x20003ee7,1686359213,386
0x20003ee9,1686359598,385
0x00000c56,1686359791,193
0x20003eeb,1686359984,193
0x20003eed,1686360369,385
0x20003eef,1686360755,386
0x20003ef1,1686361140,385
0x20003ef3,1686361526,386
0x00000c58,1686361719,193
0x20003ef5,1686361912,193
0x20003ef7,1686362297,385
0x20003ef9,1686362682,385
0x20003efb,1686363068,386
0x20003efd,1686363453,385
0x00000c5a,1686363646,193
0x20003eff,1686363839,193
0x20003f01,1686364224,385
0x20003f03,1686364610,386
0x20003f05,1686364995,385
0x20003f07,1686365381,386
0x00000c5c,1686365574,193
0x20003f09,1686365767,193
0x20003f0b,1686366152,385
0x20003f0d,1686366537,385
0x20003f0f,1686366923,386
0x20003f11,1686367308,385
0x00000c5e,1686367501,193
0x20003f13,1686367694,193
0x20003f15,1686368079,385
0x20003f17,1686368465,386
0x20003f19,1686368850,385
0x20003f1b,1686369236,386
0x00000c60,1686369451,215
0x20003f1d,1686369644,193
0x20003f1f,1686370007,363
0x20003f21,1686370392,385
0x20003f23,1686370778,386
0x20003f25,1686371163,385
0x00000c62,1686371420,257
0x20003f27,1686371613,193
0x20003f29,1686371934,321
0x20003f2b,1686372320,386
0x20003f2d,1686372705,385
0x20003f2f,1686373091,386
0x00000c64,1686373389,298
0x20003f31,1686373582,193
0x20003f33,1686373862,280
0x20003f35,1686374247,385
0x20003f37,1686374633,386
0x20003f39,1686375018,385
0x00000c66,1686375358,340
0x20003f3b,1686375551,193
0x20003f3d,1686375789,238
0x20003f3f,1686376175,386
0x20003f41,1686376560,385
0x20003f43,1686376946,386
0x00000c68,1686377327,381
0x20003f45,1686377520,193
0x20003f47,1686377717,197
0x20003f49,1686378102,385
0x20003f4b,1686378488,386
0x20003f4d,1686378873,385
0x20003f4f,1686379259,386
0x00000c6a,1686379452,193
0x20003f51,1686379645,193
0x20003f53,1686380030,385
0x20003f55,1686380415,385
0x20003f57,1686380801,386
0x20003f59,1686381186,385
0x00000c6c,1686381379,193
0x20003f5b,1686381572,193
0x20003f5d,1686381957,385
0x20003f5f,1686382343,386
0x20003f61,1686382728,385
0x20003f63,1686383114,386
0x00000c6e,1686383307,193
0x20003f65,1686383500,193
0x20003f67,1686383885,385
0x20003f69,1686384270,385
0x20003f6b,1686384656,386
0x20003f6d,1686385041,385
0x00000c70,1686385234,193
0x20003f6f,1686385427,193
0x20003f71,1686385812,385
0x20003f73,1686386198,386
0x20003f75,1686386583,385
0x20003f77,1686386969,386
0x00000c72,1686387172,203
0x20003f79,1686387365,193
0x20003f7b,1686387740,375
0x20003f7d,1686388125,385
0x20003f7f,1686388511,386
0x20003f81,1686388896,385
0x00000c74,1686389141,245
0x20003f83,1686389334,193
0x20003f85,1686389667,333
0x20003f87,1686390053,386
0x20003f89,1686390438,385
0x20003f8b,1686390824,386
0x00000c76,1686391110,286
0x20003f8d,1686391303,193
0x20003f8f,1686391595,292
0x20003f91,1686391980,385
0x20003f93,1686392366,386
0x20003f95,1686392751,385
0x00000c78,1686393079,328
0x20003f97,1686393272,193
0x20003f99,1686393522,250
0x20003f9b,1686393908,386
0x20003f9d,1686394293,385
0x20003f9f,1686394679,386
0x00000c7a,1686395048,369
0x20003fa1,1686395241,193
0x20003fa3,1686395450,209
0x20003fa5,1686395835,385
0x20003fa7,1686396221,386
0x20003fa9,1686396606,385
0x20003fab,1686396992,386
0x00000c7c,1686397185,193
0x20003fad,1686397378,193
0x20003faf,1686397763,385
0x20003fb1,1686398148,385
0x20003fb3,1686398534,386
0x20003fb5,1686398919,385
0x00000c7e,1686399112,193
0x20003fb7,1686399305,193
0x20003fb9,1686399690,385
0x20003fbb,1686400076,386
0x20003fbd,1686400461,385
0x20003fbf,1686400847,386
0x00000c80,1686401040,193
0x20003fc1,1686401233,193
0x20003fc3,1686401618,385
0x20003fc5,1686402003,385
0x20003fc7,1686402389,386
0x20003fc9,1686402774,385
0x00000c82,1686402967,193
0x20003fcb,1686403160,193
0x20003fcd,1686403545,385
0x20003fcf,1686403931,386
0x20003fd1,1686404316,385
0x20003fd3,1686404702,386
0x00000c84,1686404895,193
0x20003fd5,1686405088,193
0x20003fd7,1686405473,385
0x20003fd9,1686405858,385
0x20003fdb,1686406244,386
0x20003fdd,1686406629,385
0x00000c86,1686406862,233
0x20003fdf,1686407055,193
0x20003fe1,1686407400,345
0x20003fe3,1686407786,386
0x20003fe5,1686408171,385
0x20003fe7,1686408557,386
0x00000c88,1686408831,274
0x20003fe9,1686409024,193
0x20003feb,1686409328,304
0x20003fed,1686409713,385
0x20003fef,1686410099,386
0x20003ff1,1686410484,385
0x00000c8a,1686410800,316
0x20003ff3,1686410993,193
0x20003ff5,1686411255,262
0x20003ff7,1686411641,386
0x20003ff9,1686412026,385
0x20003ffb,1686412412,386
0x00000c8c,1686412769,357
0x20003ffd,1686412962,193
0x20003fff,1686413183,221
0x20004001,1686413568,385
0x20004003,1686413954,386
0x20004005,1686414339,385
0x20004007,1686414725,386
0x00000c8e,1686414918,193
0x20004009,1686415111,193
0x2000400b,1686415496,385
0x2000400d,1686415881,385
0x2000400f,1686416267,386
0x20004011,1686416652,385
0x00000c90,1686416845,193
0x20004013,1686417038,193
0x20004015,1686417423,385
0x20004017,1686417809,386
0x20004019,1686418194,385
0x2000401b,1686418580,386
0x00000c92,1686418773,193
0x2000401d,1686418966,193
0x2000401f,1686419351,385
0x20004021,1686419736,385
0x20004023,1686420122,386
0x20004025,1686420507,385
0x00000c94,1686420700,193
0x20004027,1686420893,193
0x20004029,1686421278,385
0x2000402b,1686421664,386
0x2000402d,1686422049,385
0x2000402f,1686422435,386
0x00000c96,1686422628,193
0x20004031,1686422821,193
0x20004033,1686423206,385
0x20004035,1686423591,385
0x20004037,1686423977,386
0x20004039,1686424362,385
0x00000c98,1686424583,221
0x2000403b,1686424776,193
0x2000403d,1686425133,357
0x2000403f,1686425519,386
0x20004041,1686425904,385
0x20004043,1686426290,386
0x00000c9a,1686426552,262
0x20004045,1686426745,193
0x20004047,1686427061,316
0x20004049,1686427446,385
0x2000404b,1686427832,386
0x2000404d,1686428217,385
0x00000c9c,1686428521,304
0x2000404f,1686428714,193
0x20004051,1686428988,274
0x20004053,1686429374,386
0x20004055,1686429759,385
0x20004057,1686430145,386
0x00000c9e,1686430490,345
0x20004059,1686430683,193
0x2000405b,1686430916,233
0x2000405d,1686431301,385
0x2000405f,1686431687,386
0x20004061,1686432072,385
0x20004063,1686432458,386
0x00000ca0,1686432651,193
0x20004065,1686432844,193
0x20004067,1686433229,385
0x20004069,1686433614,385
0x2000406b,1686434000,386
0x2000406d,1686434385,385
0x00000ca2,1686434578,193
0x2000406f,1686434771,193
0x20004071,1686435156,385
0x20004073,1686435542,386
0x20004075,1686435927,385
0x20004077,1686436313,386
0x00000ca4,1686436506,193
0x20004079,1686436699,193
0x2000407b,1686437084,385
0x2000407d,1686437469,385
0x2000407f,1686437855,386
0x20004081,1686438240,385
0x00000ca6,1686438433,193
0x20004083,1686438626,193
0x20004085,1686439011,385
0x20004087,1686439397,386
0x20004089,1686439782,385
0x2000408b,1686440168,386
0x00000ca8,1686440361,193
0x2000408d,1686440554,193
0x2000408f,1686440939,385
0x20004091,1686441324,385
0x20004093,1686441710,386
0x20004095,1686442095,385
0x00000caa,1686442304,209
0x20004097,1686442497,193
0x20004099,1686442866,369
0x2000409b,1686443252,386
0x2000409d,1686443637,385
0x2000409f,1686444023,386
0x00000cac,1686444273,250
0x200040a1,1686444466,193
0x200040a3,1686444794,328
0x200040a5,1686445179,385
0x200040a7,1686445565,386
0x200040a9,1686445950,385
0x00000cae,1686446242,292
0x200040ab,1686446435,193
0x200040ad,1686446721,286
0x200040af,1686447107,386
0x200040b1,1686447492,385
0x200040b3,1686447878,386
0x00000cb0,1686448211,333
0x200040b5,1686448404,193
0x200040b7,1686448649,245
0x200040b9,1686449034,385
0x200040bb,1686449420,386
0x200040bd,1686449805,385
0x00000cb2,1686450180,375
0x200040bf,1686450373,193
0x200040c1,1686450576,203
0x200040c3,1686450962,386
0x200040c5,1686451347,385
0x200040c7,1686451733,386
0x200040c9,1686452118,385
0x00000cb4,1686452311,193
0x200040cb,1686452504,193
0x200040cd,1686452889,385
0x200040cf,1686453275,386
0x200040d1,1686453660,385
0x200040d3,1686454046,386
0x00000cb6,1686454239,193
0x200040d5,1686454432,193
0x200040d7,1686454817,385
0x200040d9,1686455202,385
0x200040db,1686455588,386
0x200040dd,1686455973,385
0x00000cb8,1686456166,193
0x200040df,1686456359,193
0x200040e1,1686456744,385
0x200040e3,1686457130,386
0x200040e5,1686457515,385
0x200040e7,1686457901,386
0x00000cba,1686458094,193
0x200040e9,1686458287,193
0x200040eb,1686458672,385
0x200040ed,1686459057,385
0x200040ef,1686459443,386
0x200040f1,1686459828,385
0x00000cbc,1686460025,197
0x200040f3,1686460218,193
0x200040f5,1686460599,381
0x200040f7,1686460985,386
0x200040f9,1686461370,385
0x200040fb,1686461756,386
0x00000cbe,1686461994,238
0x200040fd,1686462187,193
0x200040ff,1686462527,340
0x20004101,1686462912,385
0x20004103,1686463298,386
0x20004105,1686463683,385
0x00000cc0,1686463963,280
0x20004107,1686464156,193
0x20004109,1686464454,298
0x2000410b,1686464840,386
0x2000410d,1686465225,385
0x2000410f,1686465611,386
0x00000cc2,1686465932,321
0x20004111,1686466125,193
0x20004113,1686466382,257
0x20004115,1686466767,385
0x20004117,1686467153,386
0x20004119,1686467538,385
0x00000cc4,1686467901,363
0x2000411b,1686468094,193
0x2000411d,1686468309,215
0x2000411f,1686468695,386
0x20004121,1686469080,385
0x20004123,1686469466,386
0x20004125,1686469851,385
0x00000cc6,1686470044,193
0x20004127,1686470237,193
0x20004129,1686470622,385
0x2000412b,1686471008,386
0x2000412d,1686471393,385
0x2000412f,1686471779,386
0x00000cc8,1686471972,193
0x20004131,1686472165,193
0x20004133,1686472550,385
0x20004135,1686472935,385
0x20004137,1686473321,386
0x20004139,1686473706,385
0x00000cca,1686473899,193
0x2000413b,1686474092,193
0x2000413d,1686474477,385
0x2000413f,1686474863,386
0x20004141,1686475248,385
0x20004143,1686475634,386
0x00000ccc,1686475827,193
0x20004145,1686476020,193
0x20004147,1686476405,385
0x20004149,1686476790,385
0x2000414b,1686477176,386
0x2000414d,1686477561,385
0x00000cce,1686477754,193
0x2000414f,1686477947,193
0x20004151,1686478332,385
0x20004153,1686478718,386
0x20004155,1686479103,385
0x20004157,1686479489,386
0x00000cd0,1686479715,226
0x20004159,1686479908,193
0x2000415b,1686480260,352
0x2000415d,1686480645,385
0x2000415f,1686481031,386
0x20004161,1686481416,385
0x00000cd2,1686481684,268
0x20004163,1686481877,193
0x20004165,1686482187,310
0x20004167,1686482573,386
0x20004169,1686482958,385
0x2000416b,1686483344,386
0x00000cd4,1686483653,309
0x2000416d,1686483846,193
0x2000416f,1686484115,269
0x20004171,1686484500,385
0x20004173,1686484886,386
0x20004175,1686485271,385
0x00000cd6,1686485622,351
0x20004177,1686485815,193
0x20004179,1686486042,227
0x2000417b,1686486428,386
0x2000417d,1686486813,385
0x2000417f,1686487199,386
0x20004181,1686487584,385
0x00000cd8,1686487777,193
0x20004183,1686487970,193
0x20004185,1686488355,385
0x20004187,1686488741,386
0x20004189,1686489126,385
0x2000418b,1686489512,386
0x00000cda,1686489705,193
0x2000418d,1686489898,193
0x2000418f,1686490283,385
0x20004191,1686490668,385
0x20004193,1686491054,386
0x20004195,1686491439,385
0x00000cdc,1686491632,193
0x20004197,1686491825,193
0x20004199,1686492210,385
0x2000419b,1686492596,386
0x2000419d,1686492981,385
0x2000419f,1686493367,386
0x00000cde,1686493560,193
0x200041a1,1686493753,193
0x200041a3,1686494138,385
0x200041a5,1686494523,385
0x200041a7,1686494909,386
0x200041a9,1686495294,385
0x00000ce0,1686495487,193
0x200041ab,1686495680,193
0x200041ad,1686496065,385
0x200041af,1686496451,386
0x200041b1,1686496836,385
0x200041b3,1686497222,386
0x00000ce2,1686497436,214
0x200041b5,1686497629,193
0x200041b7,1686497993,364
0x200041b9,1686498378,385
0x200041bb,1686498764,386
0x200041bd,1686499149,385
0x00000ce4,1686499405,256
0x200041bf,1686499598,193
0x200041c1,1686499920,322
0x200041c3,1686500306,386
0x200041c5,1686500691,385
0x200041c7,1686501077,386
0x00000ce6,1686501374,297
0x200041c9,1686501567,193
0x200041cb,1686501848,281
0x200041cd,1686502233,385
0x200041cf,1686502619,386
0x200041d1,1686503004,385
0x00000ce8,1686503343,339
0x200041d3,1686503536,193
0x200041d5,1686503775,239
0x200041d7,1686504161,386
0x200041d9,1686504546,385
0x200041db,1686504932,386
0x00000cea,1686505312,380
0x200041dd,1686505505,193
0x200041df,1686505703,198
0x200041e1,1686506088,385
0x200041e2,1686506474,386
0x200041e4,1686506859,385
0x200041e6,1686507245,386
0x00000cec,1686507438,193
0x200041e8,1686507631,193
0x200041ea,1686508016,385
0x200041ec,1686508401,385
0x200041ee,1686508787,386
0x200041f0,1686509172,385
0x00000cee,1686509365,193
0x200041f2,1686509558,193
0x200041f4,1686509943,385
0x200041f6,1686510329,386
0x200041f8,1686510714,385
0x200041fa,1686511100,386
0x00000cf0,1686511293,193
0x200041fc,1686511486,193
0x200041fe,1686511871,385
0x20004200,1686512256,385
0x20004202,1686512642,386
0x20004204,1686513027,385
0x00000cf2,1686513220,193
0x20004206,1686513413,193
0x20004208,1686513798,385
0x2000420a,1686514184,386
0x2000420c,1686514569,385
0x2000420e,1686514955,386
0x00000cf4,1686515157,202
0x20004210,1686515350,193
0x20004212,1686515726,376
0x20004214,1686516111,385
0x20004216,1686516497,386
0x20004218,1686516882,385
0x00000cf6,1686517126,244
0x2000421a,1686517319,193
0x2000421c,1686517653,334
0x2000421e,1686518039,386
0x20004220,1686518424,385
0x20004222,1686518810,386
0x00000cf8,1686519095,285
0x20004224,1686519288,193
0x20004226,1686519581,293
0x20004228,1686519966,385
0x2000422a,1686520352,386
0x2000422c,1686520737,385
0x00000cfa,1686521064,327
0x2000422e,1686521257,193
0x20004230,1686521508,251
0x20004232,1686521894,386
0x20004234,1686522279,385
0x20004236,1686522665,386
0x00000cfc,1686523033,368
0x20004238,1686523226,193
0x2000423a,1686523436,210
0x2000423c,1686523821,385
0x2000423e,1686524207,386
0x20004240,1686524592,385
0x20004242,1686524978,386
0x00000cfe,1686525171,193
0x20004244,1686525364,193
0x20004246,1686525749,385
0x20004248,1686526134,385
0x2000424a,1686526520,386
0x2000424c,1686526905,385
0x00000d00,1686527098,193
0x2000424e,1686527291,193
0x20004250,1686527676,385
0x20004252,1686528062,386
0x20004254,1686528447,385
0x20004256,1686528833,386
0x00000d02,1686529026,193
0x20004258,1686529219,193
0x2000425a,1686529604,385
0x2000425c,1686529989,385
0x2000425e,1686530375,386
0x20004260,1686530760,385
0x00000d04,1686530953,193
0x20004262,1686531146,193
0x20004264,1686531531,385
0x20004266,1686531917,386
0x20004268,1686532302,385
0x2000426a,1686532688,386
0x00000d06,1686532881,193
0x2000426c,1686533074,193
0x2000426e,1686533459,385
0x20004270,1686533844,385
0x20004272,1686534230,386
0x20004274,1686534615,385
0x00000d08,1686534847,232
0x20004276,1686535040,193
0x20004278,1686535386,346
0x2000427a,1686535772,386
0x2000427c,1686536157,385
0x2000427e,1686536543,386
0x00000d0a,1686536816,273
0x20004280,1686537009,193
0x20004282,1686537314,305
0x20004284,1686537699,385
0x20004286,1686538085,386
0x20004288,1686538470,385
0x00000d0c,1686538785,315
0x2000428a,1686538978,193
0x2000428c,1686539241,263
0x2000428e,1686539627,386
0x20004290,1686540012,385
0x20004292,1686540398,386
0x00000d0e,1686540754,356
0x20004294,1686540947,193
0x20004296,1686541169,222
0x20004298,1686541554,385
0x2000429a,1686541940,386
0x2000429c,1686542325,385
0x2000429e,1686542711,386
0x00000d10,1686542904,193
0x200042a0,1686543097,193
0x200042a2,1686543482,385
0x200042a4,1686543867,385
0x200042a6,1686544253,386
0x200042a8,1686544638,385
0x00000d12,1686544831,193
0x200042aa,1686545024,193
0x200042ac,1686545409,385
0x200042ae,1686545795,386
0x200042b0,1686546180,385
0x200042b2,1686546566,386
0x00000d14,1686546759,193
0x200042b4,1686546952,193
0x200042b6,1686547337,385
0x200042b8,1686547722,385
0x200042ba,1686548108,386
0x200042bc,1686548493,385
0x00000d16,1686548686,193
0x200042be,1686548879,193
0x200042c0,1686549264,385
0x200042c2,1686549650,386
0x200042c4,1686550035,385
0x200042c6,1686550421,386
0x00000d18,1686550614,193
0x200042c8,1686550807,193
0x200042ca,1686551192,385
0x200042cc,1686551577,385
0x200042ce,1686551963,386
0x200042d0,1686552348,385
0x00000d1a,1686552568,220
0x200042d2,1686552761,193
0x200042d4,1686553119,358
0x200042d6,1686553505,386
0x200042d8,1686553890,385
0x200042da,1686554276,386
0x00000d1c,1686554537,261
0x200042dc,1686554730,193
0x200042de,1686555047,317
0x200042e0,1686555432,385
0x200042e2,1686555818,386
0x200042e4,1686556203,385
0x00000d1e,1686556506,303
0x200042e6,1686556699,193
0x200042e8,1686556974,275
0x200042ea,1686557360,386
0x200042ec,1686557745,385
0x200042ee,1686558130,385
0x00000d20,1686558474,344
0x200042f0,1686558667,193
0x200042f2,1686558901,234
0x200042f4,1686559286,385
0x200042f6,1686559672,386
0x200042f8,1686560057,385
0x00000d22,1686560443,386
0x200042fa,1686560636,193
0x200042fc,1686560829,193
0x200042fe,1686561214,385
0x20004300,1686561599,385
0x20004302,1686561985,386
0x20004304,1686562370,385
0x00000d24,1686562563,193
0x20004306,1686562756,193
0x20004308,1686563141,385
0x2000430a,1686563527,386
0x2000430c,1686563912,385
0x2000430e,1686564298,386
0x00000d26,1686564491,193
0x20004310,1686564684,193
0x20004312,1686565069,385
0x20004314,1686565454,385
0x20004316,1686565840,386
0x20004318,1686566225,385
0x00000d28,1686566418,193
0x2000431a,1686566611,193
0x2000431c,1686566996,385
0x2000431e,1686567382,386
0x20004320,1686567767,385
0x20004322,1686568153,386
0x00000d2a,1686568346,193
0x20004324,1686568539,193
0x20004326,1686568924,385
0x20004328,1686569309,385
0x2000432a,1686569695,386
0x2000432c,1686570080,385
0x00000d2c,1686570288,208
0x2000432e,1686570481,193
0x20004330,1686570851,370
0x20004332,1686571237,386
0x20004334,1686571622,385
0x20004336,1686572008,386
0x00000d2e,1686572257,249
0x20004338,1686572450,193
0x2000433a,1686572779,329
0x2000433c,1686573164,385
0x2000433e,1686573550,386
0x20004340,1686573935,385
0x00000d30,1686574227,292
0x20004342,1686574420,193
0x20004344,1686574706,286
0x20004346,1686575092,386
0x20004348,1686575477,385
0x2000434a,1686575863,386
0x00000d32,1686576196,333
0x2000434c,1686576389,193
0x2000434e,1686576634,245
0x20004350,1686577019,385
0x20004352,1686577405,386
0x20004354,1686577790,385
0x00000d34,1686578165,375
0x20004356,1686578358,193
0x20004358,1686578561,203
0x2000435a,1686578947,386
0x2000435c,1686579332,385
0x2000435e,1686579718,386
0x20004360,1686580103,385
0x00000d36,1686580296,193
0x20004362,1686580489,193
0x20004364,1686580874,385
0x20004366,1686581260,386
0x20004368,1686581645,385
0x2000436a,1686582031,386
0x00000d38,1686582224,193
0x2000436c,1686582417,193
0x2000436e,1686582802,385
0x20004370,1686583187,385
0x20004372,1686583573,386
0x20004374,1686583958,385
0x00000d3a,1686584151,193
0x20004376,1686584344,193
0x20004378,1686584729,385
0x2000437a,1686585115,386
0x2000437c,1686585500,385
0x2000437e,1686585886,386
0x00000d3c,1686586079,193
0x20004380,1686586272,193
0x20004382,1686586657,385
0x20004384,1686587042,385
0x20004386,1686587428,386
0x20004388,1686587813,385
0x00000d3e,1686588010,197
0x2000438a,1686588203,193
0x2000438c,1686588584,381
0x2000438e,1686588970,386
0x20004390,1686589355,385
0x20004392,1686589741,386
0x00000d40,1686589979,238
0x20004394,1686590172,193
0x20004396,1686590512,340
0x20004398,1686590897,385
0x2000439a,1686591283,386
0x2000439c,1686591668,385
0x00000d42,1686591948,280
0x2000439e,1686592141,193
0x200043a0,1686592439,298
0x200043a2,1686592825,386
0x200043a4,1686593210,385
0x200043a6,1686593596,386
0x00000d44,1686593917,321
0x200043a8,1686594110,193
0x200043aa,1686594367,257
0x200043ac,1686594752,385
0x200043ae,1686595138,386
0x200043b0,1686595523,385
0x00000d46,1686595886,363
0x200043b2,1686596079,193
0x200043b4,1686596294,215
0x200043b6,1686596680,386
0x200043b8,1686597065,385
0x200043ba,1686597451,386
0x200043bc,1686597836,385
0x00000d48,1686598029,193
0x200043be,1686598222,193
0x200043c0,1686598607,385
0x200043c2,1686598993,386
0x200043c4,1686599378,385
0x200043c6,1686599764,386
0x00000d4a,1686599957,193
0x200043c8,1686600150,193
0x200043ca,1686600535,385
0x200043cc,1686600920,385
0x200043ce,1686601306,386
0x200043d0,1686601691,385
0x00000d4c,1686601884,193
0x200043d2,1686602077,193
0x200043d4,1686602462,385
0x200043d6,1686602848,386
0x200043d8,1686603233,385
0x200043da,1686603619,386
0x00000d4e,1686603812,193
0x200043dc,1686604005,193
0x200043de,1686604390,385
0x200043e0,1686604775,385
0x200043e2,1686605161,386
0x200043e4,1686605546,385
0x00000d50,1686605739,193
0x200043e6,1686605932,193
0x200043e8,1686606317,385
0x200043ea,1686606703,386
0x200043ec,1686607088,385
0x200043ee,1686607474,386
0x00000d52,1686607700,226
0x200043f0,1686607893,193
0x200043f2,1686608245,352
0x200043f4,1686608630,385
0x200043f6,1686609016,386
0x200043f8,1686609401,385
0x00000d54,1686609669,268
0x200043fa,1686609862,193
0x200043fc,1686610172,310
0x200043fe,1686610558,386
0x20004400,1686610943,385
0x20004402,1686611329,386
0x00000d56,1686611638,309
0x20004404,1686611831,193
0x20004406,1686612100,269
0x20004408,1686612485,385
0x2000440a,1686612871,386
0x2000440c,1686613256,385
0x00000d58,1686613607,351
0x2000440e,1686613800,193
0x20004410,1686614027,227
0x20004412,1686614413,386
0x20004414,1686614798,385
0x20004416,1686615184,386
0x20004418,1686615569,385
0x00000d5a,1686615762,193
0x2000441a,1686615955,193
0x2000441c,1686616340,385
0x2000441e,1686616726,386
0x20004420,1686617111,385
0x20004422,1686617497,386
0x00000d5c,1686617690,193
0x20004424,1686617883,193
0x20004426,1686618268,385
0x20004428,1686618653,385
0x2000442a,1686619039,386
0x2000442c,1686619424,385
0x00000d5e,1686619617,193
0x2000442e,1686619810,193
0x20004430,1686620195,385
0x20004432,1686620581,386
0x20004434,1686620966,385
0x20004436,1686621352,386
0x00000d60,1686621545,193
0x20004438,1686621738,193
0x2000443a,1686622123,385
0x2000443c,1686622508,385
0x2000443e,1686622894,386
0x20004440,1686623279,385
0x00000d62,1686623472,193
0x20004442,1686623665,193
0x20004444,1686624050,385
0x20004446,1686624436,386
0x20004448,1686624821,385
0x2000444a,1686625207,386
0x00000d64,1686625421,214
0x2000444c,1686625614,193
0x2000444e,1686625978,364
0x20004450,1686626363,385
0x20004452,1686626749,386
0x20004454,1686627134,385
0x00000d66,1686627390,256
0x20004456,1686627583,193
0x20004458,1686627905,322
0x2000445a,1686628291,386
0x2000445c,1686628676,385
0x2000445e,1686629062,386
0x00000d68,1686629359,297
0x20004460,1686629552,193
0x20004462,1686629833,281
0x20004464,1686630218,385
0x20004466,1686630604,386
0x20004468,1686630989,385
0x00000d6a,1686631328,339
0x2000446a,1686631521,193
0x2000446c,1686631760,239
0x2000446e,1686632146,386
0x20004470,1686632531,385
0x20004472,1686632917,386
0x00000d6c,1686633297,380
0x20004474,1686633490,193
0x20004476,1686633688,198
0x20004478,1686634073,385
0x2000447a,1686634459,386
0x2000447c,1686634844,385
0x2000447e,1686635230,386
0x00000d6e,1686635423,193
0x20004480,1686635616,193
0x20004482,1686636001,385
0x20004484,1686636386,385
0x20004486,1686636772,386
0x20004488,1686637157,385
0x00000d70,1686637350,193
0x2000448a,1686637543,193
0x2000448c,1686637928,385
0x2000448e,1686638314,386
0x20004490,1686638699,385
0x20004492,1686639085,386
0x00000d72,1686639278,193
0x20004494,1686639471,193
0x20004496,1686639856,385
0x20004498,1686640241,385
0x2000449a,1686640627,386
0x2000449c,1686641012,385
0x00000d74,1686641205,193
0x2000449e,1686641398,193
0x200044a0,1686641783,385
0x200044a2,1686642169,386
0x200044a4,1686642554,385
0x200044a6,1686642940,386
0x00000d76,1686643142,202
0x200044a8,1686643335,193
0x200044aa,1686643711,376
0x200044ac,1686644096,385
0x200044ae,1686644482,386
0x200044b0,1686644867,385
0x00000d78,1686645111,244
0x200044b2,1686645304,193
0x200044b4,1686645638,334
0x200044b6,1686646024,386
0x200044b8,1686646409,385
0x200044ba,1686646795,386
0x00000d7a,1686647080,285
0x200044bc,1686647273,193
0x200044be,1686647566,293
0x200044c0,1686647951,385
0x200044c2,1686648337,386
0x200044c4,1686648722,385
0x00000d7c,1686649049,327
0x200044c6,1686649242,193
0x200044c8,1686649493,251
0x200044ca,1686649879,386
0x200044cc,1686650264,385
0x200044ce,1686650650,386
0x00000d7e,1686651018,368
0x200044d0,1686651211,193
0x200044d2,1686651421,210
0x200044d4,1686651806,385
0x200044d6,1686652192,386
0x200044d8,1686652577,385
0x200044da,1686652963,386
0x00000d80,1686653156,193
0x200044dc,1686653349,193
0x200044de,1686653734,385
0x200044e0,1686654119,385
0x200044e1,1686654505,386
0x200044e3,1686654890,385
0x00000d82,1686655083,193
0x200044e5,1686655276,193
0x200044e7,1686655661,385
0x200044e9,1686656047,386
0x200044eb,1686656432,385
0x200044ed,1686656818,386
0x00000d84,1686657011,193
0x200044ef,1686657204,193
0x200044f1,1686657589,385
0x200044f3,1686657974,385
0x200044f5,1686658360,386
0x200044f7,1686658745,385
0x00000d86,1686658938,193
0x200044f9,1686659131,193
0x200044fb,1686659516,385
0x200044fd,1686659902,386
0x200044ff,1686660287,385
0x20004501,1686660673,386
0x00000d88,1686660866,193
0x20004503,1686661059,193
0x20004505,1686661444,385
0x20004507,1686661829,385
0x20004509,1686662215,386
0x2000450b,1686662600,385
0x00000d8a,1686662832,232
0x2000450d,1686663025,193
0x2000450f,1686663371,346
0x20004511,1686663757,386
0x20004513,1686664142,385
0x20004515,1686664528,386
0x00000d8c,1686664801,273
0x20004517,1686664994,193
0x20004519,1686665299,305
0x2000451b,1686665684,385
0x2000451d,1686666070,386
0x2000451f,1686666455,385
0x00000d8e,1686666770,315
0x20004521,1686666963,193
0x20004523,1686667226,263
0x20004525,1686667612,386
0x20004527,1686667997,385
0x20004529,1686668383,386
0x00000d90,1686668739,356
0x2000452b,1686668932,193
0x2000452d,1686669154,222
0x2000452f,1686669539,385
0x20004531,1686669925,386
0x20004533,1686670310,385
0x20004535,1686670696,386
0x00000d92,1686670889,193
0x20004537,1686671082,193
0x20004539,1686671467,385
0x2000453b,1686671852,385
0x2000453d,1686672238,386
0x2000453f,1686672623,385
0x00000d94,1686672816,193
0x20004541,1686673009,193
0x20004543,1686673394,385
0x20004545,1686673780,386
0x20004547,1686674165,385
0x20004549,1686674551,386
0x00000d96,1686674744,193
0x2000454b,1686674937,193
0x2000454d,1686675322,385
0x2000454f,1686675707,385
0x20004551,1686676093,386
0x20004553,1686676478,385
0x00000d98,1686676671,193
0x20004555,1686676864,193
0x20004557,1686677249,385
0x20004559,1686677635,386
0x2000455b,1686678020,385
0x2000455d,1686678406,386
0x00000d9a,1686678599,193
0x2000455f,1686678792,193
0x20004561,1686679177,385
0x20004563,1686679562,385
0x20004565,1686679948,386
0x20004567,1686680333,385
0x00000d9c,1686680553,220
0x20004569,1686680746,193
0x2000456b,1686681104,358
0x2000456d,1686681490,386
0x2000456f,1686681875,385
0x20004571,1686682261,386
0x00000d9e,1686682522,261
0x20004573,1686682715,193
0x20004575,1686683032,317
0x20004577,1686683417,385
0x20004579,1686683803,386
0x2000457b,1686684188,385
0x00000da0,1686684491,303
0x2000457d,1686684684,193
0x2000457f,1686684959,275
0x20004581,1686685345,386
0x20004583,1686685730,385
0x20004585,1686686116,386
0x00000da2,1686686460,344
0x20004587,1686686653,193
0x20004589,1686686887,234
0x2000458b,1686687272,385
0x2000458d,1686687658,386
0x2000458f,1686688043,385
0x00000da4,1686688429,386
0x20004591,1686688622,193
0x20004593,1686688815,193
0x20004595,1686689200,385
0x20004597,1686689585,385
0x20004599,1686689971,386
0x2000459b,1686690356,385
0x00000da6,1686690549,193
0x2000459d,1686690742,193
0x2000459f,1686691127,385
0x200045a1,1686691513,386
0x200045a3,1686691898,385
0x200045a5,1686692284,386
0x00000da8,1686692477,193
0x200045a7,1686692670,193
0x200045a9,1686693055,385
0x200045ab,1686693440,385
0x200045ad,1686693826,386
0x200045af,1686694211,385
0x00000daa,1686694404,193
0x200045b1,1686694597,193
0x200045b3,1686694982,385
0x200045b5,1686695368,386
0x200045b7,1686695753,385
0x200045b9,1686696139,386
0x00000dac,1686696332,193
0x200045bb,1686696525,193
0x200045bd,1686696910,385
0x200045bf,1686697295,385
0x200045c1,1686697681,386
0x200045c3,1686698066,385
0x00000dae,1686698274,208
0x200045c5,1686698467,193
0x200045c7,1686698837,370
0x200045c9,1686699223,386
0x200045cb,1686699608,385
0x200045cd,1686699994,386
0x00000db0,1686700243,249
0x200045cf,1686700436,193
0x200045d1,1686700765,329
0x200045d3,1686701150,385
0x200045d5,1686701536,386
0x200045d7,1686701921,385
0x00000db2,1686702212,291
0x200045d9,1686702405,193
0x200045db,1686702692,287
0x200045dd,1686703078,386
0x200045df,1686703463,385
0x200045e1,1686703849,386
0x00000db4,1686704181,332
0x200045e3,1686704374,193
0x200045e5,1686704620,246
0x200045e7,1686705005,385
0x200045e9,1686705391,386
0x200045eb,1686705776,385
0x00000db6,1686706150,374
0x200045ed,1686706343,193
0x200045ef,1686706547,204
0x200045f1,1686706933,386
0x200045f3,1686707318,385
0x200045f5,1686707704,386
0x200045f7,1686708089,385
0x00000db8,1686708282,193
0x200045f9,1686708475,193
0x200045fb,1686708860,385
0x200045fd,1686709246,386
0x200045ff,1686709631,385
0x20004601,1686710017,386
0x00000dba,1686710210,193
0x20004603,1686710403,193
0x20004605,1686710788,385
0x20004607,1686711173,385
0x20004609,1686711559,386
0x2000460b,1686711944,385
0x00000dbc,1686712137,193
0x2000460d,1686712330,193
0x2000460f,1686712715,385
0x20004611,1686713101,386
0x20004613,1686713486,385
0x20004615,1686713872,386
0x00000dbe,1686714065,193
0x20004617,1686714258,193
0x20004619,1686714643,385
0x2000461b,1686715028,385
0x2000461d,1686715414,386
0x2000461f,1686715799,385
0x00000dc0,1686715995,196
0x20004621,1686716188,193
0x20004623,1686716570,382
0x20004625,1686716956,386
0x20004627,1686717341,385
0x20004629,1686717727,386
0x00000dc2,1686717964,237
0x2000462b,1686718157,193
0x2000462d,1686718498,341
0x2000462f,1686718883,385
0x20004631,1686719269,386
0x20004633,1686719654,385
0x00000dc4,1686719933,279
0x20004635,1686720126,193
0x20004637,1686720425,299
0x20004639,1686720811,386
0x2000463b,1686721196,385
0x2000463d,1686721582,386
0x00000dc6,1686721902,320
0x2000463f,1686722095,193
0x20004641,1686722353,258
0x20004643,1686722738,385
0x20004645,1686723124,386
0x20004647,1686723509,385
0x00000dc8,1686723871,362
0x20004649,1686724064,193
0x2000464b,1686724280,216
0x2000464d,1686724666,386
0x2000464f,1686725051,385
0x20004651,1686725437,386
0x20004653,1686725822,385
0x00000dca,1686726015,193
0x20004655,1686726208,193
0x20004657,1686726593,385
0x20004659,1686726979,386
0x2000465b,1686727364,385
0x2000465d,1686727750,386
0x00000dcc,1686727943,193
0x2000465f,1686728136,193
0x20004661,1686728521,385
0x20004663,1686728906,385
0x20004665,1686729292,386
0x20004667,1686729677,385
0x00000dce,1686729870,193
0x20004669,1686730063,193
0x2000466b,1686730448,385
0x2000466d,1686730834,386
0x2000466f,1686731219,385
0x20004671,1686731605,386
0x00000dd0,1686731798,193
0x20004673,1686731991,193
0x20004675,1686732376,385
0x20004677,1686732761,385
0x20004679,1686733147,386
0x2000467b,1686733532,385
0x00000dd2,1686733725,193
0x2000467d,1686733918,193
0x2000467f,1686734303,385
0x20004681,1686734689,386
0x20004683,1686735074,385
0x20004685,1686735460,386
0x00000dd4,1686735685,225
0x20004687,1686735878,193
0x20004689,1686736231,353
0x2000468b,1686736616,385
0x2000468d,1686737002,386
0x2000468f,1686737387,385
0x00000dd6,1686737654,267
0x20004691,1686737847,193
0x20004693,1686738158,311
0x20004695,1686738544,386
0x20004697,1686738929,385
0x20004699,1686739315,386
0x00000dd8,1686739623,308
0x2000469b,1686739816,193
0x2000469d,1686740086,270
0x2000469f,1686740471,385
0x200046a1,1686740857,386
0x200046a3,1686741242,385
0x00000dda,1686741592,350
0x200046a5,1686741785,193
0x200046a7,1686742013,228
0x200046a9,1686742399,386
0x200046ab,1686742784,385
0x200046ad,1686743170,386
0x200046af,1686743555,385
0x00000ddc,1686743748,193
0x200046b1,1686743941,193
0x200046b3,1686744326,385
0x200046b5,1686744712,386
0x200046b7,1686745097,385
0x200046b9,1686745483,386
0x00000dde,1686745676,193
0x200046bb,1686745869,193
0x200046bd,1686746254,385
0x200046bf,1686746639,385
0x200046c1,1686747025,386
0x200046c3,1686747410,385
0x00000de0,1686747603,193
0x200046c5,1686747796,193
0x200046c7,1686748181,385
0x200046c9,1686748567,386
0x200046cb,1686748952,385
0x200046cd,1686749338,386
0x00000de2,1686749531,193
0x200046cf,1686749724,193
0x200046d1,1686750109,385
0x200046d3,1686750494,385
0x200046d5,1686750880,386
0x200046d7,1686751265,385
0x00000de4,1686751458,193
0x200046d9,1686751651,193
0x200046db,1686752036,385
0x200046dd,1686752422,386
0x200046df,1686752807,385
0x200046e1,1686753193,386
0x00000de6,1686753406,213
0x200046e3,1686753599,193
0x200046e5,1686753964,365
0x200046e7,1686754349,385
0x200046e9,1686754735,386
0x200046eb,1686755120,385
0x00000de8,1686755375,255
0x200046ed,1686755568,193
0x200046ef,1686755891,323
0x200046f1,1686756277,386
0x200046f3,1686756662,385
0x200046f5,1686757048,386
0x00000dea,1686757344,296
0x200046f7,1686757537,193
0x200046f9,1686757819,282
0x200046fb,1686758204,385
0x200046fd,1686758590,386
0x200046ff,1686758975,385
0x00000dec,1686759313,338
0x20004701,1686759506,193
0x20004703,1686759746,240
0x20004705,1686760132,386
0x20004707,1686760517,385
0x20004709,1686760903,386
0x00000dee,1686761282,379
0x2000470b,1686761475,193
0x2000470d,1686761674,199
0x2000470f,1686762059,385
0x20004711,1686762445,386
0x20004713,1686762830,385
0x20004715,1686763216,386
0x00000df0,1686763409,193
0x20004717,1686763602,193
0x20004719,1686763987,385
0x2000471b,1686764372,385
0x2000471d,1686764758,386
0x2000471f,1686765143,385
0x00000df2,1686765336,193
0x20004721,1686765529,193
0x20004723,1686765914,385
0x20004725,1686766300,386
0x20004727,1686766685,385
0x20004729,1686767071,386
0x00000df4,1686767264,193
0x2000472b,1686767457,193
0x2000472d,1686767842,385
0x2000472f,1686768227,385
0x20004731,1686768613,386
0x20004733,1686768998,385
0x00000df6,1686769191,193
0x20004735,1686769384,193
0x20004737,1686769769,385
0x20004739,1686770155,386
0x2000473b,1686770540,385
0x2000473d,1686770926,386
0x00000df8,1686771127,201
0x2000473f,1686771320,193
0x20004741,1686771697,377
0x20004743,1686772082,385
0x20004745,1686772468,386
0x20004747,1686772853,385
0x00000dfa,1686773096,243
0x20004749,1686773289,193
0x2000474b,1686773624,335
0x2000474d,1686774010,386
0x2000474f,1686774395,385
0x20004751,1686774781,386
0x00000dfc,1686775065,284
0x20004753,1686775258,193
0x20004755,1686775552,294
0x20004757,1686775937,385
0x20004759,1686776323,386
0x2000475b,1686776708,385
0x00000dfe,1686777034,326
0x2000475d,1686777227,193
0x2000475f,1686777479,252
0x20004761,1686777865,386
0x20004763,1686778250,385
0x20004765,1686778636,386
0x00000e00,1686779003,367
0x20004767,1686779196,193
0x20004769,1686779407,211
0x2000476b,1686779792,385
0x2000476d,1686780178,386
0x2000476f,1686780563,385
0x20004771,1686780949,386
0x00000e02,1686781142,193
0x20004773,1686781335,193
0x20004775,1686781720,385
0x20004777,1686782105,385
0x20004779,1686782491,386
0x2000477b,1686782876,385
0x00000e04,1686783069,193
0x2000477d,1686783262,193
0x2000477f,1686783647,385
0x20004781,1686784033,386
0x20004783,1686784418,385
0x20004785,1686784804,386
0x00000e06,1686784997,193
0x20004787,1686785190,193
0x20004789,1686785575,385
0x2000478b,1686785960,385
0x2000478d,1686786346,386
0x2000478f,1686786731,385
0x00000e08,1686786924,193
0x20004791,1686787117,193
0x20004793,1686787502,385
0x20004795,1686787888,386
0x20004797,1686788273,385
0x20004799,1686788659,386
0x00000e0a,1686788851,192
0x2000479b,1686789045,194
0x2000479d,1686789429,384
0x2000479f,1686789814,385
0x200047a1,1686790200,386
0x200047a3,1686790585,385
0x00000e0c,1686790816,231
0x200047a5,1686791009,193
0x200047a7,1686791356,347
0x200047a9,1686791742,386
0x200047ab,1686792127,385
0x200047ad,1686792513,386
0x00000e0e,1686792785,272
0x200047af,1686792978,193
0x200047b1,1686793284,306
0x200047b3,1686793669,385
0x200047b5,1686794055,386
0x200047b7,1686794440,385
0x00000e10,1686794754,314
0x200047b9,1686794947,193
0x200047bb,1686795211,264
0x200047bd,1686795597,386
0x200047bf,1686795982,385
0x200047c1,1686796368,386
0x00000e12,1686796723,355
0x200047c3,1686796916,193
0x200047c5,1686797139,223
0x200047c7,1686797524,385
0x200047c9,1686797910,386
0x200047cb,1686798295,385
0x200047cd,1686798681,386
0x00000e14,1686798874,193
0x200047cf,1686799067,193
0x200047d1,1686799452,385
0x200047d3,1686799837,385
0x200047d5,1686800223,386
0x200047d7,1686800608,385
0x00000e16,1686800801,193
0x200047d9,1686800994,193
0x200047db,1686801379,385
0x200047dd,1686801765,386
0x200047df,1686802150,385
0x200047e1,1686802536,386
0x00000e18,1686802729,193
0x200047e3,1686802922,193
0x200047e4,1686803307,385
0x200047e6,1686803692,385
0x200047e8,1686804078,386
0x200047ea,1686804463,385
0x00000e1a,1686804656,193
0x200047ec,1686804849,193
0x200047ee,1686805234,385
0x200047f0,1686805620,386
0x200047f2,1686806005,385
0x200047f4,1686806391,386
0x00000e1c,1686806584,193
0x200047f6,1686806777,193
0x200047f8,1686807162,385
0x200047fa,1686807547,385
0x200047fc,1686807933,386
0x200047fe,1686808318,385
0x00000e1e,1686808538,220
0x20004800,1686808731,193
0x20004802,1686809089,358
0x20004804,1686809475,386
0x20004806,1686809860,385
0x20004808,1686810246,386
0x00000e20,1686810507,261
0x2000480a,1686810700,193
0x2000480c,1686811017,317
0x2000480e,1686811402,385
0x20004810,1686811788,386
0x20004812,1686812173,385
0x00000e22,1686812476,303
0x20004814,1686812669,193
0x20004816,1686812944,275
0x20004818,1686813330,386
0x2000481a,1686813715,385
0x2000481c,1686814101,386
0x00000e24,1686814445,344
0x2000481e,1686814638,193
0x20004820,1686814872,234
0x20004822,1686815257,385
0x20004824,1686815643,386
0x20004826,1686816028,385
0x00000e26,1686816414,386
0x20004828,1686816607,193
0x2000482a,1686816800,193
0x2000482c,1686817185,385
0x2000482e,1686817570,385
0x20004830,1686817956,386
0x20004832,1686818341,385
0x00000e28,1686818534,193
0x20004834,1686818727,193
0x20004836,1686819112,385
0x20004838,1686819498,386
0x2000483a,1686819883,385
0x2000483c,1686820269,386
0x00000e2a,1686820462,193
0x2000483e,1686820655,193
0x20004840,1686821040,385
0x20004842,1686821425,385
0x20004844,1686821811,386
0x20004846,1686822196,385
0x00000e2c,1686822389,193
0x20004848,1686822582,193
0x2000484a,1686822967,385
0x2000484c,1686823353,386
0x2000484e,1686823738,385
0x20004850,1686824124,386
0x00000e2e,1686824317,193
0x20004852,1686824510,193
0x20004854,1686824895,385
0x20004856,1686825280,385
0x20004858,1686825666,386
0x2000485a,1686826051,385
0x00000e30,1686826259,208
0x2000485c,1686826452,193
0x2000485e,1686826822,370
0x20004860,1686827208,386
0x20004862,1686827593,385
0x20004864,1686827979,386
0x00000e32,1686828228,249
0x20004866,1686828421,193
0x20004868,1686828750,329
0x2000486a,1686829135,385
0x2000486c,1686829521,386
0x2000486e,1686829906,385
0x00000e34,1686830197,291
0x20004870,1686830390,193
0x20004872,1686830677,287
0x20004874,1686831063,386
0x20004876,1686831448,385
0x20004878,1686831834,386
0x00000e36,1686832166,332
0x2000487a,1686832359,193
0x2000487c,1686832605,246
0x2000487e,1686832990,385
0x20004880,1686833376,386
0x20004882,1686833761,385
0x00000e38,1686834135,374
0x20004884,1686834328,193
0x20004886,1686834532,204
0x20004888,1686834918,386
0x2000488a,1686835303,385
0x2000488c,1686835689,386
0x2000488e,1686836074,385
0x00000e3a,1686836267,193
0x20004890,1686836460,193
0x20004892,1686836845,385
0x20004894,1686837231,386
0x20004896,1686837616,385
0x20004898,1686838002,386
0x00000e3c,1686838195,193
0x2000489a,1686838388,193
0x2000489c,1686838773,385
0x2000489e,1686839158,385
0x200048a0,1686839544,386
0x200048a2,1686839929,385
0x00000e3e,1686840122,193
0x200048a4,1686840315,193
0x200048a6,1686840700,385
0x200048a8,1686841086,386
0x200048aa,1686841471,385
0x200048ac,1686841857,386
0x00000e40,1686842050,193
0x200048ae,1686842243,193
0x200048b0,1686842628,385
0x200048b2,1686843013,385
0x200048b4,1686843399,386
0x200048b6,1686843784,385
0x00000e42,1686843980,196
0x200048b8,1686844173,193
0x200048ba,1686844555,382
0x200048bc,1686844941,386
0x200048be,1686845326,385
0x200048c0,1686845712,386
0x00000e44,1686845949,237
0x200048c2,1686846142,193
0x200048c4,1686846483,341
0x200048c6,1686846868,385
0x200048c8,1686847254,386
0x200048ca,1686847639,385
0x00000e46,1686847918,279
0x200048cc,1686848111,193
0x200048ce,1686848410,299
0x200048d0,1686848796,386
0x200048d2,1686849181,385
0x200048d4,1686849567,386
0x00000e48,1686849887,320
0x200048d6,1686850080,193
0x200048d8,1686850338,258
0x200048da,1686850723,385
0x200048dc,1686851109,386
0x200048de,1686851494,385
0x00000e4a,1686851856,362
0x200048e0,1686852049,193
0x200048e2,1686852265,216
0x200048e4,1686852651,386
0x200048e6,1686853036,385
0x200048e8,1686853422,386
0x200048ea,1686853807,385
0x00000e4c,1686854000,193
0x200048ec,1686854193,193
0x200048ee,1686854578,385
0x200048f0,1686854964,386
0x200048f2,1686855349,385
0x200048f4,1686855735,386
0x00000e4e,1686855928,193
0x200048f6,1686856121,193
0x200048f8,1686856506,385
0x200048fa,1686856891,385
0x200048fc,1686857277,386
0x200048fe,1686857662,385
0x00000e50,1686857855,193
0x20004900,1686858048,193
0x20004902,1686858433,385
0x20004904,1686858819,386
0x20004906,1686859204,385
0x20004908,1686859590,386
0x00000e52,1686859783,193
0x2000490a,1686859976,193
0x2000490c,1686860361,385
0x2000490e,1686860746,385
0x20004910,1686861132,386
0x20004912,1686861517,385
0x00000e54,1686861710,193
0x20004914,1686861903,193
0x20004916,1686862288,385
0x20004918,1686862674,386
0x2000491a,1686863059,385
0x2000491c,1686863445,386
0x00000e56,1686863670,225
0x2000491e,1686863863,193
0x20004920,1686864216,353
0x20004922,1686864601,385
0x20004924,1686864987,386
0x20004926,1686865372,385
0x00000e58,1686865639,267
0x20004928,1686865832,193
0x2000492a,1686866143,311
0x2000492c,1686866529,386
0x2000492e,1686866914,385
0x20004930,1686867300,386
0x00000e5a,1686867608,308
0x20004932,1686867801,193
0x20004934,1686868071,270
0x20004936,1686868456,385
0x20004938,1686868842,386
0x2000493a,1686869227,385
0x00000e5c,1686869577,350
0x2000493c,1686869770,193
0x2000493e,1686869998,228
0x20004940,1686870384,386
0x20004942,1686870769,385
0x20004944,1686871155,386
0x20004946,1686871540,385
0x00000e5e,1686871733,193
0x20004948,1686871926,193
0x2000494a,1686872311,385
0x2000494c,1686872697,386
0x2000494e,1686873082,385
0x20004950,1686873468,386
0x00000e60,1686873661,193
0x20004952,1686873854,193
0x20004954,1686874239,385
0x20004956,1686874624,385
0x20004958,1686875010,386
0x2000495a,1686875395,385
0x00000e62,1686875588,193
0x2000495c,1686875781,193
0x2000495e,1686876166,385
0x20004960,1686876552,386
0x20004962,1686876937,385
0x20004964,1686877323,386
0x00000e64,1686877516,193
0x20004966,1686877709,193
0x20004968,1686878094,385
0x2000496a,1686878479,385
0x2000496c,1686878865,386
0x2000496e,1686879250,385
0x00000e66,1686879443,193
0x20004970,1686879636,193
0x20004972,1686880021,385
0x20004974,1686880407,386
0x20004976,1686880792,385
0x20004978,1686881178,386
0x00000e68,1686881391,213
0x2000497a,1686881584,193
0x2000497c,1686881949,365
0x2000497e,1686882334,385
0x20004980,1686882720,386
0x20004982,1686883105,385
0x00000e6a,1686883360,255
0x20004984,1686883553,193
0x20004986,1686883876,323
0x20004988,1686884262,386
0x2000498a,1686884647,385
0x2000498c,1686885033,386
0x00000e6c,1686885329,296
0x2000498e,1686885522,193
0x20004990,1686885804,282
0x20004992,1686886189,385
0x20004994,1686886575,386
0x20004996,1686886960,385
0x00000e6e,1686887298,338
0x20004998,1686887491,193
0x2000499a,1686887731,240
0x2000499c,1686888117,386
0x2000499e,1686888502,385
0x200049a0,1686888888,386
0x00000e70,1686889267,379
0x200049a2,1686889460,193
0x200049a4,1686889659,199
0x200049a6,1686890044,385
0x200049a8,1686890430,386
0x200049aa,1686890815,385
0x200049ac,1686891201,386
0x00000e72,1686891394,193
0x200049ae,1686891587,193
0x200049b0,1686891972,385
0x200049b2,1686892357,385
0x200049b4,1686892743,386
0x200049b6,1686893128,385
0x00000e74,1686893321,193
0x200049b8,1686893514,193
0x200049ba,1686893899,385
0x200049bc,1686894285,386
0x200049be,1686894670,385
0x200049c0,1686895056,386
0x00000e76,1686895249,193
0x200049c2,1686895442,193
0x200049c4,1686895827,385
0x200049c6,1686896212,385
0x200049c8,1686896598,386
0x200049ca,1686896983,385
0x00000e78,1686897176,193
0x200049cc,1686897369,193
0x200049ce,1686897754,385
0x200049d0,1686898140,386
0x200049d2,1686898525,385
0x200049d4,1686898911,386
0x00000e7a,1686899112,201
0x200049d6,1686899305,193
0x200049d8,1686899682,377
0x200049da,1686900067,385
0x200049dc,1686900453,386
0x200049de,1686900838,385
0x00000e7c,1686901081,243
0x200049e0,1686901274,193
0x200049e2,1686901609,335
0x200049e4,1686901995,386
0x200049e6,1686902380,385
0x200049e8,1686902766,386
0x00000e7e,1686903050,284
0x200049ea,1686903243,193
0x200049ec,1686903537,294
0x200049ee,1686903922,385
0x200049f0,1686904308,386
0x200049f2,1686904693,385
0x00000e80,1686905019,326
0x200049f4,1686905212,193
0x200049f6,1686905464,252
0x200049f8,1686905850,386
0x200049fa,1686906235,385
0x200049fc,1686906621,386
0x00000e82,1686906988,367
0x200049fe,1686907181,193
0x20004a00,1686907392,211
0x20004a02,1686907777,385
0x20004a04,1686908163,386
0x20004a06,1686908548,385
0x20004a08,1686908934,386
0x00000e84,1686909127,193
0x20004a0a,1686909320,193
0x20004a0c,1686909705,385
0x20004a0e,1686910090,385
0x20004a10,1686910476,386
0x20004a12,1686910861,385
0x00000e86,1686911054,193
0x20004a14,1686911247,193
0x20004a16,1686911632,385
0x20004a18,1686912018,386
0x20004a1a,1686912403,385
0x20004a1c,1686912789,386
0x00000e88,1686912982,193
0x20004a1e,1686913175,193
0x20004a20,1686913560,385
0x20004a22,1686913945,385
0x20004a24,1686914331,386
0x20004a26,1686914716,385
0x00000e8a,1686914909,193
0x20004a28,1686915102,193
0x20004a2a,1686915487,385
0x20004a2c,1686915873,386
0x20004a2e,1686916258,385
0x20004a30,1686916644,386
0x00000e8c,1686916837,193
0x20004a32,1686917030,193
0x20004a34,1686917415,385
0x20004a36,1686917800,385
0x20004a38,1686918186,386
0x20004a3a,1686918571,385
0x00000e8e,1686918802,231
0x20004a3c,1686918995,193
0x20004a3e,1686919342,347
0x20004a40,1686919728,386
0x20004a42,1686920113,385
0x20004a44,1686920499,386
0x00000e90,1686920771,272
0x20004a46,1686920964,193
0x20004a48,1686921270,306
0x20004a4a,1686921655,385
0x20004a4c,1686922041,386
0x20004a4e,1686922426,385
0x00000e92,1686922740,314
0x20004a50,1686922933,193
0x20004a52,1686923197,264
0x20004a54,1686923583,386
0x20004a56,1686923968,385
0x20004a58,1686924354,386
0x00000e94,1686924709,355
0x20004a5a,1686924902,193
0x20004a5c,1686925125,223
0x20004a5e,1686925510,385
0x20004a60,1686925896,386
0x20004a62,1686926281,385
0x20004a64,1686926667,386
0x00000e96,1686926860,193
0x20004a66,1686927053,193
0x20004a68,1686927438,385
0x20004a6a,1686927823,385
0x20004a6c,1686928209,386
0x20004a6e,1686928594,385
0x00000e98,1686928787,193
0x20004a70,1686928980,193
0x20004a72,1686929365,385
0x20004a74,1686929751,386
0x20004a76,1686930136,385
0x20004a78,1686930522,386
0x00000e9a,1686930715,193
0x20004a7a,1686930908,193
0x20004a7c,1686931293,385
0x20004a7e,1686931678,385
0x20004a80,1686932064,386
0x20004a82,1686932449,385
0x00000e9c,1686932642,193
0x20004a84,1686932835,193
0x20004a86,1686933220,385
0x20004a88,1686933606,386
0x20004a8a,1686933991,385
0x20004a8c,1686934377,386
0x00000e9e,1686934570,193
0x20004a8e,1686934763,193
0x20004a90,1686935148,385
0x20004a92,1686935533,385
0x20004a94,1686935919,386
0x20004a96,1686936304,385
0x00000ea0,1686936523,219
0x20004a98,1686936716,193
0x20004a9a,1686937075,359
0x20004a9c,1686937461,386
0x20004a9e,1686937846,385
0x20004aa0,1686938232,386
0x00000ea2,1686938492,260
0x20004aa2,1686938685,193
0x20004aa4,1686939003,318
0x20004aa6,1686939388,385
0x20004aa8,1686939774,386
0x20004aaa,1686940159,385
0x00000ea4,1686940461,302
0x20004aac,1686940654,193
0x20004aae,1686940930,276
0x20004ab0,1686941316,386
0x20004ab2,1686941701,385
0x20004ab4,1686942087,386
0x00000ea6,1686942430,343
0x20004ab6,1686942623,193
0x20004ab8,1686942858,235
0x20004aba,1686943243,385
0x20004abc,1686943629,386
0x20004abe,1686944014,385
0x00000ea8,1686944399,385
0x20004ac0,1686944592,193
0x20004ac2,1686944785,193
0x20004ac4,1686945171,386
0x20004ac6,1686945556,385
0x20004ac8,1686945942,386
0x20004aca,1686946327,385
0x00000eaa,1686946520,193
0x20004acc,1686946713,193
0x20004ace,1686947098,385
0x20004ad0,1686947484,386
0x20004ad2,1686947869,385
0x20004ad4,1686948255,386
0x00000eac,1686948448,193
0x20004ad6,1686948641,193
0x20004ad8,1686949026,385
0x20004ada,1686949411,385
0x20004adc,1686949797,386
0x20004ade,1686950182,385
0x00000eae,1686950375,193
0x20004ae0,1686950568,193
0x20004ae2,1686950953,385
0x20004ae3,1686951339,386
0x20004ae5,1686951724,385
0x20004ae7,1686952110,386
0x00000eb0,1686952303,193
0x20004ae9,1686952496,193
0x20004aeb,1686952881,385
0x20004aed,1686953266,385
0x20004aef,1686953652,386
0x20004af1,1686954037,385
0x00000eb2,1686954244,207
0x20004af3,1686954437,193
0x20004af5,1686954808,371
0x20004af7,1686955194,386
0x20004af9,1686955579,385
0x20004afb,1686955965,386
0x00000eb4,1686956213,248
0x20004afd,1686956406,193
0x20004aff,1686956736,330
0x20004b01,1686957121,385
0x20004b03,1686957507,386
0x20004b05,1686957892,385
0x00000eb6,1686958182,290
0x20004b07,1686958375,193
0x20004b09,1686958663,288
0x20004b0b,1686959049,386
0x20004b0d,1686959434,385
0x20004b0f,1686959820,386
0x00000eb8,1686960151,331
0x20004b11,1686960344,193
0x20004b13,1686960591,247
0x20004b15,1686960976,385
0x20004b17,1686961362,386
0x20004b19,1686961747,385
0x00000eba,1686962120,373
0x20004b1b,1686962313,193
0x20004b1d,1686962518,205
0x20004b1f,1686962904,386
0x20004b21,1686963289,385
0x20004b23,1686963675,386
0x20004b25,1686964060,385
0x00000ebc,1686964253,193
0x20004b27,1686964446,193
0x20004b29,1686964831,385
0x20004b2b,1686965217,386
0x20004b2d,1686965602,385
0x20004b2f,1686965988,386
0x00000ebe,1686966181,193
0x20004b31,1686966374,193
0x20004b33,1686966759,385
0x20004b35,1686967144,385
0x20004b37,1686967530,386
0x20004b39,1686967915,385
0x00000ec0,1686968108,193
0x20004b3b,1686968301,193
0x20004b3d,1686968686,385
0x20004b3f,1686969072,386
0x20004b41,1686969457,385
0x20004b43,1686969843,386
0x00000ec2,1686970036,193
0x20004b45,1686970229,193
0x20004b47,1686970614,385
0x20004b49,1686970999,385
0x20004b4b,1686971385,386
0x20004b4d,1686971770,385
0x00000ec4,1686971965,195
0x20004b4f,1686972158,193
0x20004b51,1686972541,383
0x20004b53,1686972927,386
0x20004b55,1686973312,385
0x20004b57,1686973698,386
0x00000ec6,1686973934,236
0x20004b59,1686974127,193
0x20004b5b,1686974469,342
0x20004b5d,1686974854,385
0x20004b5f,1686975240,386
0x20004b61,1686975625,385
0x00000ec8,1686975903,278
0x20004b63,1686976096,193
0x20004b65,1686976396,300
0x20004b67,1686976782,386
0x20004b69,1686977167,385
0x20004b6b,1686977553,386
0x00000eca,1686977872,319
0x20004b6d,1686978065,193
0x20004b6f,1686978324,259
0x20004b71,1686978709,385
0x20004b73,1686979095,386
0x20004b75,1686979480,385
0x00000ecc,1686979841,361
0x20004b77,1686980034,193
0x20004b79,1686980251,217
0x20004b7b,1686980637,386
0x20004b7d,1686981022,385
0x20004b7f,1686981408,386
0x20004b81,1686981793,385
0x00000ece,1686981986,193
0x20004b83,1686982179,193
0x20004b85,1686982564,385
0x20004b87,1686982950,386
0x20004b89,1686983335,385
0x20004b8b,1686983721,386
0x00000ed0,1686983914,193
0x20004b8d,1686984107,193
0x20004b8f,1686984492,385
0x20004b91,1686984877,385
0x20004b93,1686985263,386
0x20004b95,1686985648,385
0x00000ed2,1686985841,193
0x20004b97,1686986034,193
0x20004b99,1686986419,385
0x20004b9b,1686986805,386
0x20004b9d,1686987190,385
0x20004b9f,1686987576,386
0x00000ed4,1686987769,193
0x20004ba1,1686987962,193
0x20004ba3,1686988347,385
0x20004ba5,1686988732,385
0x20004ba7,1686989118,386
0x20004ba9,1686989503,385
0x00000ed6,1686989696,193
0x20004bab,1686989889,193
0x20004bad,1686990274,385
0x20004baf,1686990660,386
0x20004bb1,1686991045,385
0x20004bb3,1686991431,386
0x00000ed8,1686991655,224
0x20004bb5,1686991848,193
0x20004bb7,1686992202,354
0x20004bb9,1686992587,385
0x20004bbb,1686992973,386
0x20004bbd,1686993358,385
0x00000eda,1686993624,266
0x20004bbf,1686993817,193
0x20004bc1,1686994129,312
0x20004bc3,1686994515,386
0x20004bc5,1686994900,385
0x20004bc7,1686995286,386
0x00000edc,1686995593,307
0x20004bc9,1686995786,193
0x20004bcb,1686996057,271
0x20004bcd,1686996442,385
0x20004bcf,1686996828,386
0x20004bd1,1686997213,385
0x00000ede,1686997562,349
0x20004bd3,1686997755,193
0x20004bd5,1686997984,229
0x20004bd7,1686998370,386
0x20004bd9,1686998755,385
0x20004bdb,1686999141,386
0x20004bdd,1686999526,385
0x00000ee0,1686999719,193
0x20004bdf,1686999912,193
0x20004be1,1687000297,385
0x20004be3,1687000683,386
0x20004be5,1687001068,385
0x20004be7,1687001454,386
0x00000ee2,1687001647,193
0x20004be9,1687001840,193
0x20004beb,1687002225,385
0x20004bed,1687002610,385
0x20004bef,1687002996,386
0x20004bf1,1687003381,385
0x00000ee4,1687003574,193
0x20004bf3,1687003767,193
0x20004bf5,1687004152,385
0x20004bf7,1687004538,386
0x20004bf9,1687004923,385
0x20004bfb,1687005309,386
0x00000ee6,1687005502,193
0x20004bfd,1687005695,193
0x20004bff,1687006080,385
0x20004c01,1687006465,385
0x20004c03,1687006851,386
0x20004c05,1687007236,385
0x00000ee8,1687007429,193
0x20004c07,1687007622,193
0x20004c09,1687008007,385
0x20004c0b,1687008393,386
0x20004c0d,1687008778,385
0x20004c0f,1687009164,386
0x00000eea,1687009376,212
0x20004c11,1687009569,193
0x20004c13,1687009935,366
0x20004c15,1687010320,385
0x20004c17,1687010706,386
0x20004c19,1687011091,385
0x00000eec,1687011345,254
0x20004c1b,1687011538,193
0x20004c1d,1687011862,324
0x20004c1f,1687012248,386
0x20004c21,1687012633,385
0x20004c23,1687013019,386
0x00000eee,1687013314,295
0x20004c25,1687013507,193
0x20004c27,1687013790,283
0x20004c29,1687014175,385
0x20004c2b,1687014561,386
0x20004c2d,1687014946,385
0x00000ef0,1687015283,337
0x20004c2f,1687015476,193
0x20004c31,1687015717,241
0x20004c33,1687016103,386
0x20004c35,1687016488,385
0x20004c37,1687016874,386
0x00000ef2,1687017252,378
0x20004c39,1687017445,193
0x20004c3b,1687017645,200
0x20004c3d,1687018030,385
0x20004c3f,1687018416,386
0x20004c41,1687018801,385
0x20004c43,1687019187,386
0x00000ef4,1687019380,193
0x20004c45,1687019573,193
0x20004c47,1687019958,385
0x20004c49,1687020342,384
0x20004c4b,1687020728,386
0x20004c4d,1687021113,385
0x00000ef6,1687021306,193
0x20004c4f,1687021499,193
0x20004c51,1687021884,385
0x20004c53,1687022270,386
0x20004c55,1687022655,385
0x20004c57,1687023041,386
0x00000ef8,1687023234,193
0x20004c59,1687023427,193
0x20004c5b,1687023812,385
0x20004c5d,1687024197,385
0x20004c5f,1687024583,386
0x20004c61,1687024968,385
0x00000efa,1687025161,193
0x20004c63,1687025354,193
0x20004c65,1687025739,385
0x20004c67,1687026125,386
0x20004c69,1687026510,385
0x20004c6b,1687026896,386
0x00000efc,1687027096,200
0x20004c6d,1687027289,193
0x20004c6f,1687027667,378
0x20004c71,1687028052,385
0x20004c73,1687028438,386
0x20004c75,1687028823,385
0x00000efe,1687029065,242
0x20004c77,1687029258,193
0x20004c79,1687029594,336
0x20004c7b,1687029980,386
0x20004c7d,1687030365,385
0x20004c7f,1687030751,386
0x00000f00,1687031034,283
0x20004c81,1687031227,193
0x20004c83,1687031522,295
0x20004c85,1687031907,385
0x20004c87,1687032293,386
0x20004c89,1687032678,385
0x00000f02,1687033003,325
0x20004c8b,1687033196,193
0x20004c8d,1687033449,253
0x20004c8f,1687033835,386
0x20004c91,1687034220,385
0x20004c93,1687034606,386
0x00000f04,1687034973,367
0x20004c95,1687035166,193
0x20004c97,1687035377,211
0x20004c99,1687035762,385
0x20004c9b,1687036148,386
0x20004c9d,1687036533,385
0x20004c9f,1687036919,386
0x00000f06,1687037112,193
0x20004ca1,1687037305,193
0x20004ca3,1687037690,385
0x20004ca5,1687038075,385
0x20004ca7,1687038461,386
0x20004ca9,1687038846,385
0x00000f08,1687039039,193
0x20004cab,1687039232,193
0x20004cad,1687039617,385
0x20004caf,1687040003,386
0x20004cb1,1687040388,385
0x20004cb3,1687040774,386
0x00000f0a,1687040967,193
0x20004cb5,1687041160,193
0x20004cb7,1687041545,385
0x20004cb9,1687041930,385
0x20004cbb,1687042316,386
0x20004cbd,1687042701,385
0x00000f0c,1687042894,193
0x20004cbf,1687043087,193
0x20004cc1,1687043472,385
0x20004cc3,1687043858,386
0x20004cc5,1687044243,385
0x20004cc7,1687044629,386
0x00000f0e,1687044822,193
0x20004cc9,1687045015,193
0x20004ccb,1687045400,385
0x20004ccd,1687045785,385
0x20004ccf,1687046171,386
0x20004cd1,1687046556,385
0x00000f10,1687046787,231
0x20004cd3,1687046980,193
0x20004cd5,1687047327,347
0x20004cd7,1687047713,386
0x20004cd9,1687048098,385
0x20004cdb,1687048484,386
0x00000f12,1687048756,272
0x20004cdd,1687048949,193
0x20004cdf,1687049255,306
0x20004ce1,1687049640,385
0x20004ce3,1687050026,386
0x20004ce5,1687050411,385
0x00000f14,1687050725,314
0x20004ce7,1687050918,193
0x20004ce9,1687051182,264
0x20004ceb,1687051568,386
0x20004ced,1687051953,385
0x20004cef,1687052339,386
0x00000f16,1687052694,355
0x20004cf1,1687052887,193
0x20004cf3,1687053110,223
0x20004cf5,1687053495,385
0x20004cf7,1687053881,386
0x20004cf9,1687054266,385
0x20004cfb,1687054652,386
0x00000f18,1687054845,193
0x20004cfd,1687055038,193
0x20004cff,1687055423,385
0x20004d01,1687055808,385
0x20004d03,1687056194,386
0x20004d05,1687056579,385
0x00000f1a,1687056772,193
0x20004d07,1687056965,193
0x20004d09,1687057350,385
0x20004d0b,1687057736,386
0x20004d0d,1687058121,385
0x20004d0f,1687058507,386
0x00000f1c,1687058700,193
0x20004d11,1687058893,193
0x20004d13,1687059278,385
0x20004d15,1687059663,385
0x20004d17,1687060049,386
0x20004d19,1687060434,385
0x00000f1e,1687060627,193
0x20004d1b,1687060820,193
0x20004d1d,1687061205,385
0x20004d1f,1687061591,386
0x20004d21,1687061976,385
0x20004d23,1687062362,386
0x00000f20,1687062555,193
0x20004d25,1687062748,193
0x20004d27,1687063133,385
0x20004d29,1687063518,385
0x20004d2b,1687063904,386
0x20004d2d,1687064289,385
0x00000f22,1687064508,219
0x20004d2f,1687064701,193
0x20004d31,1687065060,359
0x20004d33,1687065446,386
0x20004d35,1687065831,385
0x20004d37,1687066217,386
0x00000f24,1687066477,260
0x20004d39,1687066670,193
0x20004d3b,1687066988,318
0x20004d3d,1687067373,385
0x20004d3f,1687067759,386
0x20004d41,1687068144,385
0x00000f26,1687068446,302
0x20004d43,1687068639,193
0x20004d45,1687068915,276
0x20004d47,1687069301,386
0x20004d49,1687069686,385
0x20004d4b,1687070072,386
0x00000f28,1687070415,343
0x20004d4d,1687070608,193
0x20004d4f,1687070843,235
0x20004d51,1687071228,385
0x20004d53,1687071614,386
0x20004d55,1687071999,385
0x00000f2a,1687072384,385
0x20004d57,1687072577,193
0x20004d59,1687072770,193
0x20004d5b,1687073156,386
0x20004d5d,1687073541,385
0x20004d5f,1687073927,386
0x20004d61,1687074312,385
0x00000f2c,1687074505,193
0x20004d63,1687074698,193
0x20004d65,1687075083,385
0x20004d67,1687075469,386
0x20004d69,1687075854,385
0x20004d6b,1687076240,386
0x00000f2e,1687076433,193
0x20004d6d,1687076626,193
0x20004d6f,1687077011,385
0x20004d71,1687077396,385
0x20004d73,1687077782,386
0x20004d75,1687078167,385
0x00000f30,1687078360,193
0x20004d77,1687078553,193
0x20004d79,1687078938,385
0x20004d7b,1687079324,386
0x20004d7d,1687079709,385
0x20004d7f,1687080095,386
0x00000f32,1687080288,193
0x20004d81,1687080481,193
0x20004d83,1687080866,385
0x20004d85,1687081251,385
0x20004d87,1687081637,386
0x20004d89,1687082022,385
0x00000f34,1687082229,207
0x20004d8b,1687082422,193
0x20004d8d,1687082793,371
0x20004d8f,1687083179,386
0x20004d91,1687083564,385
0x20004d93,1687083950,386
0x00000f36,1687084198,248
0x20004d95,1687084391,193
0x20004d97,1687084721,330
0x20004d99,1687085106,385
0x20004d9b,1687085492,386
0x20004d9d,1687085877,385
0x00000f38,1687086167,290
0x20004d9f,1687086360,193
0x20004da1,1687086648,288
0x20004da3,1687087034,386
0x20004da5,1687087419,385
0x20004da7,1687087805,386
0x00000f3a,1687088136,331
0x20004da9,1687088329,193
0x20004dab,1687088576,247
0x20004dad,1687088961,385
0x20004daf,1687089347,386
0x20004db1,1687089732,385
0x00000f3c,1687090105,373
0x20004db3,1687090298,193
0x20004db5,1687090503,205
0x20004db7,1687090889,386
0x20004db9,1687091274,385
0x20004dbb,1687091660,386
0x20004dbd,1687092045,385
0x00000f3e,1687092238,193
0x20004dbf,1687092431,193
0x20004dc1,1687092816,385
0x20004dc3,1687093202,386
0x20004dc5,1687093587,385
0x20004dc7,1687093973,386
0x00000f40,1687094166,193
0x20004dc9,1687094359,193
0x20004dcb,1687094744,385
0x20004dcd,1687095129,385
0x20004dcf,1687095515,386
0x20004dd1,1687095900,385
0x00000f42,1687096093,193
0x20004dd3,1687096286,193
0x20004dd5,1687096671,385
0x20004dd7,1687097057,386
0x20004dd9,1687097442,385
0x20004ddb,1687097828,386
0x00000f44,1687098021,193
0x20004ddd,1687098214,193
0x20004ddf,1687098599,385
0x20004de1,1687098984,385
0x20004de2,1687099370,386
0x20004de4,1687099755,385
0x00000f46,1687099950,195
0x20004de6,1687100143,193
0x20004de8,1687100526,383
0x20004dea,1687100912,386
0x20004dec,1687101297,385
0x20004dee,1687101683,386
0x00000f48,1687101919,236
0x20004df0,1687102112,193
0x20004df2,1687102454,342
0x20004df4,1687102839,385
0x20004df6,1687103225,386
0x20004df8,1687103610,385
0x00000f4a,1687103888,278
0x20004dfa,1687104081,193
0x20004dfc,1687104381,300
0x20004dfe,1687104767,386
0x20004e00,1687105152,385
0x20004e02,1687105538,386
0x00000f4c,1687105857,319
0x20004e04,1687106050,193
0x20004e06,1687106309,259
0x20004e08,1687106694,385
0x20004e0a,1687107080,386
0x20004e0c,1687107465,385
0x00000f4e,1687107826,361
0x20004e0e,1687108019,193
0x20004e10,1687108236,217
0x20004e12,1687108622,386
0x20004e14,1687109007,385
0x20004e16,1687109393,386
0x20004e18,1687109778,385
0x00000f50,1687109971,193
0x20004e1a,1687110164,193
0x20004e1c,1687110549,385
0x20004e1e,1687110935,386
0x20004e20,1687111320,385
0x20004e22,1687111706,386
0x00000f52,1687111899,193
0x20004e24,1687112092,193
0x20004e26,1687112477,385
0x20004e28,1687112862,385
0x20004e2a,1687113248,386
0x20004e2c,1687113633,385
0x00000f54,1687113826,193
0x20004e2e,1687114019,193
0x20004e30,1687114404,385
0x20004e32,1687114790,386
0x20004e34,1687115175,385
0x20004e36,1687115561,386
0x00000f56,1687115754,193
0x20004e38,1687115947,193
0x20004e3a,1687116332,385
0x20004e3c,1687116717,385
0x20004e3e,1687117103,386
0x20004e40,1687117488,385
0x00000f58,1687117681,193
0x20004e42,1687117874,193
0x20004e44,1687118259,385
0x20004e46,1687118645,386
0x20004e48,1687119030,385
0x20004e4a,1687119416,386
0x00000f5a,1687119640,224
0x20004e4c,1687119833,193
0x20004e4e,1687120187,354
0x20004e50,1687120572,385
0x20004e52,1687120958,386
0x20004e54,1687121343,385
0x00000f5c,1687121609,266
0x20004e56,1687121802,193
0x20004e58,1687122114,312
0x20004e5a,1687122500,386
0x20004e5c,1687122885,385
0x20004e5e,1687123271,386
0x00000f5e,1687123578,307
0x20004e60,1687123771,193
0x20004e62,1687124042,271
0x20004e64,1687124427,385
0x20004e66,1687124813,386
0x20004e68,1687125198,385
0x00000f60,1687125547,349
0x20004e6a,1687125740,193
0x20004e6c,1687125969,229
0x20004e6e,1687126355,386
0x20004e70,1687126740,385
0x20004e72,1687127126,386
0x20004e74,1687127511,385
0x00000f62,1687127704,193
0x20004e76,1687127897,193
0x20004e78,1687128282,385
0x20004e7a,1687128668,386
0x20004e7c,1687129053,385
0x20004e7e,1687129439,386
0x00000f64,1687129632,193
0x20004e80,1687129825,193
0x20004e82,1687130210,385
0x20004e84,1687130595,385
0x20004e86,1687130981,386
0x20004e88,1687131366,385
0x00000f66,1687131559,193
0x20004e8a,1687131752,193
0x20004e8c,1687132137,385
0x20004e8e,1687132523,386
0x20004e90,1687132908,385
0x20004e92,1687133294,386
0x00000f68,1687133487,193
0x20004e94,1687133680,193
0x20004e96,1687134065,385
0x20004e98,1687134450,385
0x20004e9a,1687134836,386
0x20004e9c,1687135221,385
0x00000f6a,1687135414,193
0x20004e9e,1687135607,193
0x20004ea0,1687135992,385
0x20004ea2,1687136378,386
0x20004ea4,1687136763,385
0x20004ea6,1687137149,386
0x00000f6c,1687137361,212
0x20004ea8,1687137554,193
0x20004eaa,1687137920,366
0x20004eac,1687138305,385
0x20004eae,1687138691,386
0x20004eb0,1687139076,385
0x00000f6e,1687139330,254
0x20004eb2,1687139523,193
0x20004eb4,1687139847,324
0x20004eb6,1687140233,386
0x20004eb8,1687140618,385
0x20004eba,1687141004,386
0x00000f70,1687141299,295
0x20004ebc,1687141492,193
0x20004ebe,1687141775,283
0x20004ec0,1687142160,385
0x20004ec2,1687142546,386
0x20004ec4,1687142931,385
0x00000f72,1687143268,337
0x20004ec6,1687143461,193
0x20004ec8,1687143702,241
0x20004eca,1687144088,386
0x20004ecc,1687144473,385
0x20004ece,1687144859,386
0x00000f74,1687145237,378
0x20004ed0,1687145430,193
0x20004ed2,1687145630,200
0x20004ed4,1687146015,385
0x20004ed6,1687146401,386
0x20004ed8,1687146786,385
0x20004eda,1687147172,386
0x00000f76,1687147365,193
0x20004edc,1687147558,193
0x20004ede,1687147943,385
0x20004ee0,1687148328,385
0x20004ee2,1687148714,386
0x20004ee4,1687149099,385
0x00000f78,1687149292,193
0x20004ee6,1687149485,193
0x20004ee8,1687149870,385
0x20004eea,1687150256,386
0x20004eec,1687150641,385
0x20004eee,1687151027,386
0x00000f7a,1687151220,193
0x20004ef0,1687151413,193
0x20004ef2,1687151798,385
0x20004ef4,1687152183,385
0x20004ef6,1687152569,386
0x20004ef8,1687152954,385
0x00000f7c,1687153147,193
0x20004efa,1687153340,193
0x20004efc,1687153725,385
0x20004efe,1687154111,386
0x20004f00,1687154496,385
0x20004f02,1687154882,386
0x00000f7e,1687155082,200
0x20004f04,1687155275,193
0x20004f06,1687155653,378
0x20004f08,1687156038,385
0x20004f0a,1687156424,386
0x20004f0c,1687156809,385
0x00000f80,1687157051,242
0x20004f0e,1687157244,193
0x20004f10,1687157580,336
0x20004f12,1687157966,386
0x20004f14,1687158351,385
0x20004f16,1687158737,386
0x00000f82,1687159020,283
0x20004f18,1687159213,193
0x20004f1a,1687159508,295
0x20004f1c,1687159893,385
0x20004f1e,1687160279,386
0x20004f20,1687160664,385
0x00000f84,1687160989,325
0x20004f22,1687161182,193
0x20004f24,1687161435,253
0x20004f26,1687161821,386
0x20004f28,1687162206,385
0x20004f2a,1687162592,386
0x00000f86,1687162958,366
0x20004f2c,1687163151,193
0x20004f2e,1687163363,212
0x20004f30,1687163748,385
0x20004f32,1687164134,386
0x20004f34,1687164519,385
0x20004f36,1687164905,386
0x00000f88,1687165098,193
0x20004f38,1687165291,193
0x20004f3a,1687165676,385
0x20004f3c,1687166061,385
0x20004f3e,1687166447,386
0x20004f40,1687166832,385
0x00000f8a,1687167025,193
0x20004f42,1687167218,193
0x20004f44,1687167603,385
0x20004f46,1687167989,386
0x20004f48,1687168374,385
0x20004f4a,1687168760,386
0x00000f8c,1687168953,193
0x20004f4c,1687169146,193
0x20004f4e,1687169531,385
0x20004f50,1687169916,385
0x20004f52,1687170302,386
0x20004f54,1687170687,385
0x00000f8e,1687170880,193
0x20004f56,1687171073,193
0x20004f58,1687171458,385
0x20004f5a,1687171844,386
0x20004f5c,1687172229,385
0x20004f5e,1687172615,386
0x00000f90,1687172808,193
0x20004f60,1687173001,193
0x20004f62,1687173386,385
0x20004f64,1687173771,385
0x20004f66,1687174157,386
0x20004f68,1687174542,385
0x00000f92,1687174772,230
0x20004f6a,1687174965,193
0x20004f6c,1687175313,348
0x20004f6e,1687175699,386
0x20004f70,1687176084,385
0x20004f72,1687176470,386
0x00000f94,1687176741,271
0x20004f74,1687176934,193
0x20004f76,1687177241,307
0x20004f78,1687177626,385
0x20004f7a,1687178012,386
0x20004f7c,1687178397,385
0x00000f96,1687178710,313
0x20004f7e,1687178903,193
0x20004f80,1687179168,265
0x20004f82,1687179554,386
0x20004f84,1687179939,385
0x20004f86,1687180325,386
0x00000f98,1687180679,354
0x20004f88,1687180872,193
0x20004f8a,1687181096,224
0x20004f8c,1687181481,385
0x20004f8e,1687181867,386
0x20004f90,1687182252,385
0x20004f92,1687182638,386
0x00000f9a,1687182831,193
0x20004f94,1687183024,193
0x20004f96,1687183409,385
0x20004f98,1687183794,385
0x20004f9a,1687184180,386
0x20004f9c,1687184565,385
0x00000f9c,1687184758,193
0x20004f9e,1687184951,193
0x20004fa0,1687185336,385
0x20004fa2,1687185722,386
0x20004fa4,1687186107,385
0x20004fa6,1687186493,386
0x00000f9e,1687186686,193
0x20004fa8,1687186879,193
0x20004faa,1687187264,385
0x20004fac,1687187649,385
0x20004fae,1687188035,386
0x20004fb0,1687188420,385
0x00000fa0,1687188613,193
0x20004fb2,1687188806,193
0x20004fb4,1687189191,385
0x20004fb6,1687189577,386
0x20004fb8,1687189962,385
0x20004fba,1687190348,386
0x00000fa2,1687190541,193
0x20004fbc,1687190734,193
0x20004fbe,1687191119,385
0x20004fc0,1687191504,385
0x20004fc2,1687191890,386
0x20004fc4,1687192275,385
0x00000fa4,1687192493,218
0x20004fc6,1687192686,193
0x20004fc8,1687193046,360
0x20004fca,1687193432,386
0x20004fcc,1687193817,385
0x20004fce,1687194203,386
0x00000fa6,1687194462,259
0x20004fd0,1687194655,193
0x20004fd2,1687194974,319
0x20004fd4,1687195359,385
0x20004fd6,1687195745,386
0x20004fd8,1687196130,385
0x00000fa8,1687196431,301
0x20004fda,1687196624,193
0x20004fdc,1687196901,277
0x20004fde,1687197287,386
0x20004fe0,1687197672,385
0x20004fe2,1687198058,386
0x00000faa,1687198400,342
0x20004fe4,1687198593,193
0x20004fe6,1687198829,236
0x20004fe8,1687199214,385
0x20004fea,1687199600,386
0x20004fec,1687199985,385
0x00000fac,1687200369,384
0x20004fee,1687200562,193
0x20004ff0,1687200756,194
0x20004ff2,1687201142,386
0x20004ff4,1687201527,385
0x20004ff6,1687201913,386
0x20004ff8,1687202298,385
0x00000fae,1687202491,193
0x20004ffa,1687202684,193
0x20004ffc,1687203069,385
0x20004ffe,1687203455,386
0x20005000,1687203840,385
0x20005002,1687204226,386
0x00000fb0,1687204419,193
0x20005004,1687204612,193
0x20005006,1687204997,385
0x20005008,1687205382,385
0x2000500a,1687205768,386
0x2000500c,1687206153,385
0x00000fb2,1687206346,193
0x2000500e,1687206539,193
0x20005010,1687206924,385
0x20005012,1687207310,386
0x20005014,1687207695,385
0x20005016,1687208081,386
0x00000fb4,1687208274,193
0x20005018,1687208467,193
0x2000501a,1687208852,385
0x2000501c,1687209237,385
0x2000501e,1687209623,386
0x20005020,1687210008,385
0x00000fb6,1687210214,206
0x20005022,1687210407,193
0x20005024,1687210779,372
0x20005026,1687211165,386
0x20005028,1687211550,385
0x2000502a,1687211936,386
0x00000fb8,1687212183,247
0x2000502c,1687212376,193
0x2000502e,1687212707,331
0x20005030,1687213092,385
0x20005032,1687213478,386
0x20005034,1687213863,385
0x00000fba,1687214152,289
0x20005036,1687214345,193
0x20005038,1687214634,289
0x2000503a,1687215020,386
0x2000503c,1687215405,385
0x2000503e,1687215791,386
0x00000fbc,1687216121,330
0x20005040,1687216314,193
0x20005042,1687216562,248
0x20005044,1687216947,385
0x20005046,1687217333,386
0x20005048,1687217718,385
0x00000fbe,1687218090,372
0x2000504a,1687218283,193
