timestamp_id,timestamp_val,timestamp_diff
0x40000000,2202029080,2202029080
0x40000001,2202030644,1564
0x40000002,2202032208,1564
0x40000003,2202033772,1564
0x40000004,2202035335,1563
0x40000005,2202036899,1564
0x40000006,2202038463,1564
0x40000007,2202040026,1563
0x40000008,2202041590,1564
0x40000009,2202043154,1564
0x4000000a,2202044718,1564
0x4000000b,2202046282,1564
0x4000000c,2202047847,1565
0x4000000d,2202049411,1564
0x4000000e,2202050976,1565
0x4000000f,2202052540,1564
0x40000010,2202054104,1564
0x40000011,2202055668,1564
0x40000012,2202057232,1564
0x40000013,2202058795,1563
0x40000014,2202060359,1564
0x40000015,2202061923,1564
0x40000016,2202063486,1563
0x40000017,2202065050,1564
0x40000018,2202066614,1564
0x40000019,2202068178,1564
0x4000001a,2202069742,1564
0x4000001b,2202071307,1565
0x4000001c,2202072871,1564
0x4000001d,2202074436,1565
0x4000001e,2202076000,1564
0x4000001f,2202077564,1564
0x40000020,2202079128,1564
0x40000021,2202080691,1563
0x40000022,2202082255,1564
0x40000023,2202083819,1564
0x40000024,2202085383,1564
0x40000025,2202086946,1563
0x40000026,2202088510,1564
0x40000027,2202090074,1564
0x40000028,2202091638,1564
0x40000029,2202093202,1564
0x4000002a,2202094767,1565
0x4000002b,2202096332,1565
0x4000002c,2202097896,1564
0x4000002d,2202099460,1564
0x4000002e,2202101024,1564
0x4000002f,2202102587,1563
0x40000030,2202104151,1564
0x40000031,2202105715,1564
0x40000032,2202107279,1564
0x40000033,2202108843,1564
0x40000034,2202115779,6936
0x4000003e,2202131199,15420
0x40000048,2202146620,15421
0x40000052,2202162039,15419
0x4000005b,2202177459,15420
0x40000065,2202192879,15420
0x4000006f,2202208299,15420
0x40000079,2202223719,15420
0x40000083,2202239139,15420
0x4000008d,2202254559,15420
0x40000097,2202269979,15420
0x400000a0,2202285399,15420
0x400000aa,2202300819,15420
0x400000b4,2202316239,15420
0x400000be,2202331659,15420
0x400000c8,2202347079,15420
0x400000d2,2202362499,15420
0x400000dc,2202377919,15420
0x400000e5,2202393339,15420
0x400000ef,2202408759,15420
0x400000f9,2202424178,15419
0x40000103,2202439599,15421
0x4000010d,2202455019,15420
0x40000117,2202470438,15419
0x40000121,2202485858,15420
0x4000012a,2202501279,15421
0x40000134,2202516698,15419
0x4000013e,2202532118,15420
0x40000148,2202547539,15421
0x40000152,2202562958,15419
0x4000015c,2202578378,15420
0x40000166,2202593799,15421
0x4000016f,2202609218,15419
0x40000179,2202624638,15420
0x40000183,2202640059,15421
0x4000018d,2202655478,15419
0x40000197,2202670898,15420
0x400001a1,2202686319,15421
0x400001ab,2202701738,15419
0x400001b4,2202717158,15420
0x400001be,2202732578,15420
0x400001c8,2202747998,15420
0x400001d2,2202763418,15420
0x400001dc,2202778837,15419
0x400001e6,2202794258,15421
0x400001f0,2202809678,15420
0x400001f9,2202825097,15419
0x40000203,2202840518,15421
