timestamp_id,timestamp_val,timestamp_diff
0x40000000,1764,1764
0x40000001,1764,0
0x40000002,1764,0
0x40000003,1764,0
0x40000004,1764,0
0x40000005,1764,0
0x40000006,1764,0
0x40000007,1764,0
0x40000008,6272,4508
0x40000011,7616,1344
0x4000001b,7396,-220
0x40000025,7176,-220
0x4000002f,6956,-220
0x40000039,6736,-220
0x40000043,6516,-220
0x4000004c,7859,1343
0x40000056,7640,-219
0x40000060,7419,-221
